C:\Users\talha\AppData\Local\Programs\Python\Python38-32\python.exe "C:/Users/talha/Documents/CS Honours/COMP719 - OM/Assessments/Project/SA-HS-TimetableProblem/Main.py"


Solving the Timetabling Problem for Grades 7 to 9 based on the  South African DOE's Curriculum Guidelines
using a Genetic Algorithm and Cat Swarm Optimization Algorithm and comparing the results
==============================================================================================================
==============================================================================================================
==============================================================================================================


Subjects: 
	Subject 1: Home Language
	Subject 2: First Additional Language
	Subject 3: Mathematics
	Subject 4: Natural Science
	Subject 5: Social Science
	Subject 6: Technology
	Subject 7: Economic and Management Science
	Subject 8: Life Orientation
	Subject 9: Arts and Culture
==================================================================
==================================================================


INPUT 1
----------
Number of classes in Grade 7: 				 2
Number of classes in Grade 8: 				 2
Number of classes in Grade 9: 				 2

Number of teachers teaching in Grades 7-9:	 15


Teacher Class-Subject Allocation Table:

Subjects ->				1	2	3	4	5	6	7	8	9	
Classes:
-----------------------------------------------------------
Grade 7 - Class 1	|	1	4	7	10	4	10	7	13	13	
Grade 7 - Class 2	|	1	4	7	10	4	10	7	13	13	
Grade 8 - Class 1	|	2	5	8	11	5	11	8	14	14	
Grade 8 - Class 2	|	2	5	8	11	5	11	8	14	14	
Grade 9 - Class 1	|	3	6	9	12	6	12	9	15	15	
Grade 9 - Class 2	|	3	6	9	12	6	12	9	15	15	
-----------------------------------------------------------

=================================================================

Solving INPUT 1 using the GeneticAlgorithm:

	Initialising Population (10 individuals):

	Time taken to initialise population: 0.018056154251098633 seconds
	Finding optimal solution...
		Generation:	1, 2, 3, 4, 5, 6, 7, 8, 9, 10, 11, 12, 13, 14, 15, 16, 17, 18, 19, 20, 21, 22, 23, 24, 25, 26, 27, 28, 29, 30, 31, 32, 33, 34, 35, 36, 37, 38, 39, 40, 41, 42, 43, 44, 45, 46, 47, 48, 49, 50, 51, 52, 53, 54, 55, 56, 57, 58, 59, 60, 61, 62, 63, 64, 65, 66, 67, 68, 69, 70, 71, 72, 73, 74, 75, 76, 77, 78, 79, 80, 81, 82, 83, 84, 85, 86, 87, 88, 89, 90, 91, 92, 93, 94, 95, 96, 97, 98, 99, 100, 101, 102, 103, 104, 105, 106, 107, 108, 109, 110, 111, 112, 113, 114, 115, 116, 117, 118, 119, 120, 121, 122, 123, 124, 125, 126, 127, 128, 129, 130, 131, 132, 133, 134, 135, 136, 137, 138, 139, 140, 141, 142, 143, 144, 145, 146, 147, 148, 149, 150, 151, 152, 153, 154, 155, 156, 157, 158, 159, 160, 161, 162, 163, 164, 165, 166, 167, 168, 169, 170, 171, 172, 173, 174, 175, 176, 177, 178, 179, 180, 181, 182, 183, 184, 185, 186, 187, 188, 189, 

	Time taken to solve: 26.792136192321777 seconds

Optimal solution found in Generation 89  with a fitness of  5370


SOLUTION:
Class-Lesson Timeslot Allocation Table:

Lessons ->				1	2	3	4	5	6	7	8	9	10	11	12	13	14	15	16	17	18	19	20	21	22	23	24	25	26	27	28	29	30	31	32	33	34	35	36	37	38	39	40	41	42	43	44	45	46	47	48	49	50	51	52	53	54	55	
Classes:
---------------------------------------------------------------------------------------------------------------------------------------------------------------------------------------------------------------------------------------------------
Grade 7 - Class 1	|	46	51	28	47	17	8	26	25	38	48	39	32	27	54	50	34	45	9	43	18	41	16	52	29	35	3	31	55	53	49	30	37	42	20	40	23	22	19	36	12	44	4	7	14	2	21	33	10	5	6	24	15	13	1	11	
Grade 7 - Class 2	|	1	21	31	24	45	9	52	4	5	15	2	19	6	11	18	48	25	26	42	39	36	8	30	46	44	20	7	55	54	40	16	17	22	37	28	12	29	13	51	53	3	41	43	35	27	47	10	14	50	23	34	38	33	49	32	
Grade 8 - Class 1	|	4	2	31	32	13	41	10	7	12	8	25	34	44	22	19	50	53	35	45	3	28	33	38	39	48	18	54	55	11	17	16	47	1	20	46	49	9	14	27	37	23	42	29	21	6	36	40	30	52	51	15	24	43	26	5	
Grade 8 - Class 2	|	26	1	28	39	3	21	9	29	53	47	13	17	16	42	37	55	52	33	20	5	8	15	12	22	43	51	50	38	6	45	54	14	30	31	32	2	23	18	10	19	7	34	24	35	4	49	27	48	25	40	41	46	11	36	44	
Grade 9 - Class 1	|	14	28	8	21	38	9	25	18	6	1	3	51	54	40	46	22	32	49	37	55	2	27	41	19	36	26	17	12	43	47	5	45	7	23	44	50	42	24	33	11	39	31	15	16	13	53	4	20	10	30	48	52	29	34	35	
Grade 9 - Class 2	|	53	41	32	16	31	27	7	30	42	15	12	20	11	55	18	37	48	26	43	10	52	6	49	8	38	24	47	22	40	51	50	25	33	1	35	34	19	17	28	29	23	9	54	46	45	14	5	13	2	4	39	21	36	44	3	
---------------------------------------------------------------------------------------------------------------------------------------------------------------------------------------------------------------------------------------------------


Solution Value (Fitness): 5370
----------------------------------------------------------


Master Timetable (Class-Timeslot Lesson Allocations):

Timeslots ->			1	2	3	4	5	6	7	8	9	10	11	12	13	14	15	16	17	18	19	20	21	22	23	24	25	26	27	28	29	30	31	32	33	34	35	36	37	38	39	40	41	42	43	44	45	46	47	48	49	50	51	52	53	54	55	
Classes:
---------------------------------------------------------------------------------------------------------------------------------------------------------------------------------------------------------------------------------------------------
Grade 7 - Class 1	|	54	45	26	42	49	50	43	6	18	48	55	40	53	44	52	22	5	20	38	34	46	37	36	51	8	7	13	3	24	31	27	12	47	16	25	39	32	9	11	35	21	33	19	41	17	1	4	10	30	15	2	23	29	14	28	
Grade 7 - Class 2	|	1	11	41	8	9	13	27	22	6	47	14	36	38	48	10	31	32	15	12	26	2	33	50	4	17	18	45	35	37	23	3	55	53	51	44	21	34	52	20	30	42	19	43	25	5	24	46	16	54	49	39	7	40	29	28	
Grade 8 - Class 1	|	33	2	20	1	55	45	8	10	37	7	29	9	5	38	51	31	30	26	15	34	44	14	41	52	11	54	39	21	43	48	3	4	22	12	18	46	40	23	24	47	6	42	53	13	19	35	32	25	36	16	50	49	17	27	28	
Grade 8 - Class 2	|	2	36	5	45	20	29	41	21	7	39	53	23	11	32	22	13	12	38	40	19	6	24	37	43	49	1	47	3	8	33	34	35	18	42	44	54	15	28	4	50	51	14	25	55	30	52	10	48	46	27	26	17	9	31	16	
Grade 9 - Class 1	|	10	21	11	47	31	9	33	3	6	49	40	28	45	1	43	44	27	8	24	48	4	16	34	38	7	26	22	2	53	50	42	17	39	54	55	25	19	5	41	14	23	37	29	35	32	15	30	51	18	36	12	52	46	13	20	
Grade 9 - Class 2	|	34	49	55	50	47	22	7	24	42	20	13	11	48	46	10	4	38	15	37	12	52	28	41	26	32	18	6	39	40	8	5	3	33	36	35	53	16	25	51	29	2	9	19	54	45	44	27	17	23	31	30	21	1	43	14	
---------------------------------------------------------------------------------------------------------------------------------------------------------------------------------------------------------------------------------------------------


Teacher-Timeslot Allocations:

Teacher 1	|	1	4	5	8	9	15	17	21	24	25	26	28	31	38	45	46	47	48	51	52	
Teacher 2	|	1	2	3	4	7	8	9	10	12	13	21	26	28	29	31	32	39	41	47	53	
Teacher 3	|	1	6	7	8	9	14	15	16	18	21	25	27	28	30	31	32	38	41	42	53	
Teacher 4	|	2	6	9	11	12	13	18	19	19	20	22	23	25	26	27	28	29	32	34	36	37	39	40	45	48	50	51	54	
Teacher 5	|	2	9	10	13	14	16	17	18	19	20	22	23	25	27	31	32	33	34	35	37	42	44	46	49	50	52	53	55	
Teacher 6	|	1	3	11	12	17	18	19	20	22	23	24	26	28	32	33	34	35	37	40	42	44	46	48	49	50	51	54	55	
Teacher 7	|	2	3	7	8	10	14	16	18	20	21	27	29	30	31	33	35	35	36	39	41	42	43	44	46	47	52	
Teacher 8	|	3	4	5	6	8	12	15	18	20	21	22	27	28	33	35	36	38	39	40	43	45	48	49	50	51	54	
Teacher 9	|	2	4	5	6	8	10	13	14	16	17	19	24	26	27	36	37	38	41	43	45	46	47	49	52	53	55	
Teacher 10	|	3	4	7	12	16	17	22	30	37	40	41	42	43	44	49	53	53	54	55	55	
Teacher 11	|	1	6	7	11	14	16	17	19	23	24	29	30	34	37	38	42	45	47	54	55	
Teacher 12	|	5	7	9	11	12	15	22	23	25	29	31	33	39	40	43	45	47	50	51	54	
Teacher 13	|	1	5	6	10	11	13	14	15	23	24	32	33	34	38	49	50	
Teacher 14	|	5	11	15	24	25	26	30	36	40	41	43	44	46	48	51	52	
Teacher 15	|	2	3	4	10	13	20	21	29	30	34	35	36	39	44	48	52	
----------------------------------------------------------


=================================================================

=================================================================


INPUT 2
----------
Number of classes in Grade 7: 				 4
Number of classes in Grade 8: 				 4
Number of classes in Grade 9: 				 4

Number of teachers teaching in Grades 7-9:	 22


Teacher Class-Subject Allocation Table:

Subjects ->				1	2	3	4	5	6	7	8	9	
Classes:
-----------------------------------------------------------
Grade 7 - Class 1	|	1	5	9	15	5	15	9	19	19	
Grade 7 - Class 2	|	1	5	9	15	5	15	9	19	19	
Grade 7 - Class 3	|	1	5	10	15	5	15	9	19	19	
Grade 7 - Class 4	|	2	6	10	16	6	16	10	19	19	
Grade 8 - Class 1	|	2	6	11	16	6	16	10	20	20	
Grade 8 - Class 2	|	2	6	11	16	6	16	10	20	20	
Grade 8 - Class 3	|	3	7	12	17	7	17	11	20	20	
Grade 8 - Class 4	|	3	7	12	17	7	17	11	20	20	
Grade 9 - Class 1	|	3	7	13	17	7	17	11	21	21	
Grade 9 - Class 2	|	4	8	13	18	8	18	12	21	22	
Grade 9 - Class 3	|	4	5	14	18	8	18	12	21	22	
Grade 9 - Class 4	|	4	8	14	18	8	18	12	21	22	
-----------------------------------------------------------

=================================================================

Solving INPUT 2 using the GeneticAlgorithm:

	Initialising Population (10 individuals):

	Time taken to initialise population: 0.05716204643249512 seconds
	Finding optimal solution...
		Generation:	1, 2, 3, 4, 5, 6, 7, 8, 9, 10, 11, 12, 13, 14, 15, 16, 17, 18, 19, 20, 21, 22, 23, 24, 25, 26, 27, 28, 29, 30, 31, 32, 33, 34, 35, 36, 37, 38, 39, 40, 41, 42, 43, 44, 45, 46, 47, 48, 49, 50, 51, 52, 53, 54, 55, 56, 57, 58, 59, 60, 61, 62, 63, 64, 65, 66, 67, 68, 69, 70, 71, 72, 73, 74, 75, 76, 77, 78, 79, 80, 81, 82, 83, 84, 85, 86, 87, 88, 89, 90, 91, 92, 93, 94, 95, 96, 97, 98, 99, 100, 101, 102, 

	Time taken to solve: 27.26188611984253 seconds

Optimal solution found in Generation 2  with a fitness of  14530


SOLUTION:
Class-Lesson Timeslot Allocation Table:

Lessons ->				1	2	3	4	5	6	7	8	9	10	11	12	13	14	15	16	17	18	19	20	21	22	23	24	25	26	27	28	29	30	31	32	33	34	35	36	37	38	39	40	41	42	43	44	45	46	47	48	49	50	51	52	53	54	55	
Classes:
---------------------------------------------------------------------------------------------------------------------------------------------------------------------------------------------------------------------------------------------------
Grade 7 - Class 1	|	13	30	50	35	45	16	48	40	39	46	11	33	32	7	41	55	52	49	14	24	17	8	28	10	34	29	54	1	25	42	22	15	23	20	31	36	4	43	47	37	51	21	9	53	18	12	44	19	27	5	26	3	38	2	6	
Grade 7 - Class 2	|	44	55	17	53	12	4	9	19	8	20	11	13	6	42	22	23	1	29	24	3	31	36	41	49	45	26	35	28	7	32	18	52	34	2	15	38	25	54	21	51	43	39	27	40	16	48	5	30	46	37	10	14	33	47	50	
Grade 7 - Class 3	|	6	26	3	10	42	22	32	33	21	43	1	17	45	53	48	52	30	40	25	41	9	15	37	5	23	13	18	12	19	16	2	20	49	31	46	35	51	8	27	29	36	14	47	50	38	4	39	34	54	11	24	55	28	44	7	
Grade 7 - Class 4	|	3	14	37	18	5	13	35	46	30	19	9	38	40	50	24	51	55	26	25	49	52	44	28	22	47	21	45	23	54	2	4	32	11	48	34	31	33	12	27	29	6	7	42	10	8	20	43	16	53	15	1	17	36	39	41	
Grade 8 - Class 1	|	30	39	21	55	43	24	27	45	22	38	13	34	46	53	25	29	23	5	33	32	47	31	14	52	18	48	7	19	42	3	16	17	20	10	9	51	8	4	44	1	28	35	40	37	12	11	50	26	54	49	15	36	41	6	2	
Grade 8 - Class 2	|	14	19	13	28	47	4	10	46	7	1	55	38	15	54	2	37	41	49	50	40	6	45	25	36	8	17	44	11	9	23	30	43	34	20	48	18	26	16	35	21	27	39	22	32	52	53	31	24	12	5	29	51	3	33	42	
Grade 8 - Class 3	|	5	33	2	40	36	50	48	49	4	47	51	34	52	44	29	15	24	23	8	37	7	25	19	12	31	16	18	22	39	21	3	46	17	6	55	32	13	54	43	10	30	41	42	38	26	53	28	20	9	35	45	1	14	27	11	
Grade 8 - Class 4	|	11	26	6	32	24	52	22	17	3	30	51	54	49	42	2	33	38	31	41	4	43	39	15	36	53	29	45	19	23	25	34	20	1	44	47	14	40	27	10	21	12	18	9	16	35	5	13	7	46	48	8	37	28	55	50	
Grade 9 - Class 1	|	44	24	25	17	49	9	29	18	45	42	47	54	6	30	19	33	26	34	5	52	21	8	7	32	43	39	16	13	48	23	10	36	15	46	41	2	1	22	31	40	28	12	37	27	38	35	11	14	55	51	50	53	3	4	20	
Grade 9 - Class 2	|	20	21	9	41	10	30	32	35	15	4	52	13	36	37	27	24	34	29	39	17	46	22	55	54	53	11	19	25	43	16	2	7	51	6	3	26	48	5	42	1	45	38	31	47	50	44	49	8	23	33	28	14	12	40	18	
Grade 9 - Class 3	|	8	55	2	28	54	18	49	33	17	38	46	43	44	11	50	31	24	14	21	25	20	27	35	37	42	53	15	39	3	30	12	23	5	1	34	45	51	4	16	13	36	19	32	10	41	48	40	9	22	29	6	7	47	52	26	
Grade 9 - Class 4	|	45	3	29	5	6	13	53	43	46	47	20	8	41	54	32	38	35	14	19	16	26	23	2	7	12	49	44	11	1	10	50	18	27	9	22	28	39	21	55	15	24	17	37	48	52	25	4	42	36	40	34	30	33	51	31	
---------------------------------------------------------------------------------------------------------------------------------------------------------------------------------------------------------------------------------------------------


Solution Value (Fitness): 14530
----------------------------------------------------------


Master Timetable (Class-Timeslot Lesson Allocations):

Timeslots ->			1	2	3	4	5	6	7	8	9	10	11	12	13	14	15	16	17	18	19	20	21	22	23	24	25	26	27	28	29	30	31	32	33	34	35	36	37	38	39	40	41	42	43	44	45	46	47	48	49	50	51	52	53	54	55	
Classes:
---------------------------------------------------------------------------------------------------------------------------------------------------------------------------------------------------------------------------------------------------
Grade 7 - Class 1	|	28	54	52	37	50	55	14	22	43	24	11	46	1	19	32	6	21	45	48	34	42	31	33	20	29	51	49	23	26	2	35	13	12	25	4	36	40	53	9	8	15	30	38	47	5	10	39	7	18	3	41	17	44	27	16	
Grade 7 - Class 2	|	17	34	20	6	47	13	29	9	7	51	11	5	12	52	35	45	3	31	8	10	39	15	16	19	37	26	43	28	18	48	21	30	53	33	27	22	50	36	42	44	23	14	41	1	25	49	54	46	24	55	40	32	4	38	2	
Grade 7 - Class 3	|	11	31	3	46	24	1	55	38	21	4	50	28	26	42	22	30	12	27	29	32	9	6	25	51	19	2	39	53	40	17	34	7	8	48	36	41	23	45	47	18	20	5	10	54	13	35	43	15	33	44	37	16	14	49	52	
Grade 7 - Class 4	|	51	30	1	31	5	41	42	45	11	44	33	38	6	2	50	48	52	4	10	46	26	24	28	15	19	18	39	23	40	9	36	32	37	35	7	53	3	12	54	13	55	43	47	22	27	8	25	34	20	14	16	21	49	29	17	
Grade 8 - Class 1	|	40	55	30	38	18	54	27	37	35	34	46	45	11	23	51	31	32	25	28	33	3	9	17	6	15	48	7	41	16	1	22	20	19	12	42	52	44	10	2	43	53	29	5	39	8	13	21	26	50	47	36	24	14	49	4	
Grade 8 - Class 2	|	10	15	53	6	50	21	9	25	29	7	28	49	3	1	13	38	26	36	2	34	40	43	30	48	23	37	41	4	51	31	47	44	54	33	39	24	16	12	42	20	17	55	32	27	22	8	5	35	18	19	52	45	46	14	11	
Grade 8 - Class 3	|	52	3	31	9	1	34	21	19	49	40	55	24	37	53	16	26	33	27	23	48	30	28	18	17	22	45	54	47	15	41	25	36	2	12	50	5	20	44	29	4	42	43	39	14	51	32	10	7	8	6	11	13	46	38	35	
Grade 8 - Class 4	|	33	15	9	20	46	3	48	51	43	39	1	41	47	36	23	44	8	42	28	32	40	7	29	5	30	2	38	53	26	10	18	4	16	31	45	24	52	17	22	37	19	14	21	34	27	49	35	50	13	55	11	6	25	12	54	
Grade 9 - Class 1	|	37	36	53	54	19	13	23	22	6	31	47	42	28	48	33	27	4	8	15	55	21	38	30	2	3	17	44	41	7	14	39	24	16	18	46	32	43	45	26	40	35	10	25	1	9	34	11	29	5	51	50	20	52	12	49	
Grade 9 - Class 2	|	40	31	35	10	38	34	32	48	3	5	26	53	12	52	9	30	20	55	27	1	2	22	49	16	28	36	15	51	18	6	43	7	50	17	8	13	14	42	19	54	4	39	29	46	41	21	44	37	47	45	33	11	25	24	23	
Grade 9 - Class 3	|	34	3	29	38	33	51	52	1	48	44	14	31	40	18	27	39	9	6	42	21	19	49	32	17	20	55	22	4	50	30	16	43	8	35	23	41	24	10	28	47	45	25	12	13	36	11	53	46	7	15	37	54	26	5	2	
Grade 9 - Class 4	|	29	23	2	47	4	5	24	12	34	30	28	25	6	18	40	20	42	32	19	11	38	35	22	41	46	21	33	36	3	52	55	15	53	51	17	49	43	16	37	50	13	48	8	27	1	9	10	44	26	31	54	45	7	14	39	
---------------------------------------------------------------------------------------------------------------------------------------------------------------------------------------------------------------------------------------------------


Teacher-Timeslot Allocations:

Teacher 1	|	3	4	6	8	9	10	12	13	16	17	19	20	21	22	26	30	32	33	35	39	40	42	43	44	45	46	48	50	53	55	
Teacher 2	|	1	3	4	5	7	10	13	13	14	14	18	19	19	21	22	24	27	28	30	30	35	37	38	39	43	45	46	46	47	55	
Teacher 3	|	2	3	4	5	6	9	11	17	17	18	22	24	24	25	26	29	30	32	33	36	40	42	44	45	47	48	49	49	50	52	
Teacher 4	|	2	3	4	5	6	8	9	10	13	15	17	18	20	21	28	29	30	32	33	35	38	41	43	45	46	47	49	53	54	55	
Teacher 5	|	1	1	2	4	6	7	8	11	11	11	13	14	15	17	20	21	22	23	24	25	27	29	30	31	31	31	32	33	35	36	38	40	41	42	43	43	44	45	46	46	47	48	49	50	51	52	52	53	54	55	
Teacher 6	|	2	4	5	8	9	9	10	12	13	15	16	18	20	23	24	25	26	26	27	29	31	33	34	34	35	37	38	38	40	41	44	46	48	48	49	50	51	51	53	54	55	55	
Teacher 7	|	1	2	2	6	6	10	13	14	15	19	22	23	24	26	27	29	30	31	31	32	33	33	34	34	38	40	41	42	43	44	44	46	47	47	49	51	51	52	54	54	54	55	
Teacher 8	|	1	3	4	5	6	8	9	13	14	16	20	21	22	24	26	27	28	29	32	34	34	35	36	37	38	39	41	42	45	48	51	52	54	55	
Teacher 9	|	3	4	5	8	10	12	14	16	17	18	24	24	26	28	29	31	34	35	36	38	39	40	41	44	45	48	49	50	53	54	
Teacher 10	|	5	8	9	10	11	12	13	15	18	20	21	22	23	25	25	28	31	32	37	37	41	43	44	45	47	49	50	52	52	53	
Teacher 11	|	5	6	7	8	11	13	14	16	17	18	25	26	27	28	31	32	33	35	35	36	38	38	40	44	45	47	48	50	52	53	
Teacher 12	|	4	4	7	8	10	12	15	16	18	19	25	25	29	31	36	37	39	40	41	41	43	44	45	47	48	48	49	50	52	53	
Teacher 13	|	5	7	8	11	16	17	19	21	22	32	39	39	43	46	52	53	54	55	
Teacher 14	|	2	7	12	15	16	19	20	21	23	25	26	27	35	37	42	44	49	53	
Teacher 15	|	1	2	7	9	12	14	15	16	18	19	20	21	22	23	25	27	28	29	32	34	36	37	39	42	43	47	49	51	51	52	
Teacher 16	|	1	2	3	4	6	7	9	11	11	16	17	19	20	21	22	23	23	27	28	29	30	32	34	35	39	40	42	42	43	54	
Teacher 17	|	1	3	9	10	10	12	12	13	15	17	18	19	20	21	21	22	23	23	25	28	30	34	36	37	39	40	41	42	46	48	
Teacher 18	|	1	1	2	3	5	7	10	11	12	13	15	16	17	18	19	23	24	25	27	30	31	32	36	37	38	39	43	45	50	51	
Teacher 19	|	1	2	3	5	6	7	10	11	14	15	16	17	19	24	26	27	28	30	33	34	36	37	38	39	41	44	46	47	50	53	54	55	
Teacher 20	|	1	2	3	5	6	7	8	9	11	12	14	15	20	24	26	27	28	29	33	35	36	37	41	42	45	46	48	49	50	51	54	55	
Teacher 21	|	3	4	6	8	9	14	20	22	23	28	29	33	34	36	40	42	50	51	53	55	
Teacher 22	|	7	12	14	18	26	30	31	33	40	47	51	52	
----------------------------------------------------------


=================================================================

=================================================================


INPUT 3
----------
Number of classes in Grade 7: 				 3
Number of classes in Grade 8: 				 3
Number of classes in Grade 9: 				 6

Number of teachers teaching in Grades 7-9:	 16


Teacher Class-Subject Allocation Table:

Subjects ->				1	2	3	4	5	6	7	8	9	
Classes:
-----------------------------------------------------------
Grade 7 - Class 1	|	1	5	9	12	5	12	9	15	15	
Grade 7 - Class 2	|	1	5	9	12	5	12	9	15	15	
Grade 7 - Class 3	|	1	5	9	12	5	12	9	15	15	
Grade 8 - Class 1	|	2	6	9	12	6	12	9	15	15	
Grade 8 - Class 2	|	2	6	10	13	6	13	10	15	15	
Grade 8 - Class 3	|	2	6	10	13	6	13	10	15	15	
Grade 9 - Class 1	|	3	7	10	13	7	13	10	16	16	
Grade 9 - Class 2	|	3	7	10	13	7	13	10	16	16	
Grade 9 - Class 3	|	3	7	11	14	7	14	11	16	16	
Grade 9 - Class 4	|	4	8	11	14	8	14	11	16	16	
Grade 9 - Class 5	|	4	8	11	14	8	14	11	16	16	
Grade 9 - Class 6	|	4	8	11	14	8	14	11	16	16	
-----------------------------------------------------------

=================================================================

Solving INPUT 3 using the GeneticAlgorithm:

	Initialising Population (10 individuals):

	Time taken to initialise population: 0.07499504089355469 seconds
	Finding optimal solution...
		Generation:	1, 2, 3, 4, 5, 6, 7, 8, 9, 10, 11, 12, 13, 14, 15, 16, 17, 18, 19, 20, 21, 22, 23, 24, 25, 26, 27, 28, 29, 30, 31, 32, 33, 34, 35, 36, 37, 38, 39, 40, 41, 42, 43, 44, 45, 46, 47, 48, 49, 50, 51, 52, 53, 54, 55, 56, 57, 58, 59, 60, 61, 62, 63, 64, 65, 66, 67, 68, 69, 70, 71, 72, 73, 74, 75, 76, 77, 78, 79, 80, 81, 82, 83, 84, 85, 86, 87, 88, 89, 90, 91, 92, 93, 94, 95, 96, 97, 98, 99, 100, 101, 102, 103, 104, 

	Time taken to solve: 26.382147789001465 seconds

Optimal solution found in Generation 4  with a fitness of  9755


SOLUTION:
Class-Lesson Timeslot Allocation Table:

Lessons ->				1	2	3	4	5	6	7	8	9	10	11	12	13	14	15	16	17	18	19	20	21	22	23	24	25	26	27	28	29	30	31	32	33	34	35	36	37	38	39	40	41	42	43	44	45	46	47	48	49	50	51	52	53	54	55	
Classes:
---------------------------------------------------------------------------------------------------------------------------------------------------------------------------------------------------------------------------------------------------
Grade 7 - Class 1	|	14	1	15	10	22	7	36	25	45	37	31	28	8	30	38	19	44	53	50	13	29	43	54	55	2	16	32	21	20	27	24	23	52	42	48	18	11	46	40	26	9	12	6	33	41	39	51	49	17	3	4	35	5	34	47	
Grade 7 - Class 2	|	34	19	51	26	9	18	35	5	11	46	16	30	6	14	33	20	21	4	54	43	53	15	52	27	8	45	1	44	23	25	42	29	47	12	24	50	2	13	55	17	3	38	40	41	37	28	49	36	39	31	22	32	10	48	7	
Grade 7 - Class 3	|	17	32	16	13	8	31	50	55	54	38	40	25	37	5	23	22	3	29	10	44	19	14	20	24	12	47	21	53	41	48	28	15	4	51	9	27	7	36	45	49	18	35	39	52	26	34	30	6	11	42	1	43	33	2	46	
Grade 8 - Class 1	|	17	41	6	23	13	42	37	31	33	18	53	50	34	19	32	54	4	46	22	29	55	43	2	8	38	47	27	24	35	3	14	36	30	16	12	52	9	44	7	1	48	39	11	21	10	5	49	40	26	45	15	20	25	28	51	
Grade 8 - Class 2	|	43	48	30	53	5	54	9	32	15	51	23	47	39	13	26	35	22	11	20	24	16	36	40	10	42	25	28	37	19	8	7	44	4	21	38	18	33	41	2	49	55	3	1	17	29	12	45	27	31	6	52	14	46	50	34	
Grade 8 - Class 3	|	29	44	55	50	34	26	22	38	1	36	16	6	19	3	31	17	45	37	5	46	52	9	32	27	47	14	41	43	28	23	54	4	20	2	15	25	24	30	40	10	53	39	51	48	13	49	11	7	33	42	21	35	18	8	12	
Grade 9 - Class 1	|	28	35	19	25	21	39	49	55	30	24	18	40	3	15	23	14	51	10	17	8	38	26	53	6	48	27	37	41	20	9	16	47	52	46	31	11	4	7	44	33	34	32	43	13	22	12	29	50	54	1	2	36	5	42	45	
Grade 9 - Class 2	|	2	40	46	38	31	10	48	33	45	8	37	28	41	27	34	52	32	22	25	51	44	50	20	3	1	54	16	13	4	11	14	17	15	53	23	47	43	21	42	35	36	49	5	12	9	18	39	29	19	30	26	24	55	7	6	
Grade 9 - Class 3	|	1	42	29	54	44	15	7	4	18	27	34	24	8	35	9	17	13	49	41	32	43	22	11	37	12	23	10	53	5	6	47	2	52	33	55	20	36	26	19	21	31	16	40	50	51	45	30	28	46	3	25	14	48	39	38	
Grade 9 - Class 4	|	2	5	51	39	19	17	36	3	46	18	50	12	20	10	16	31	45	49	47	52	32	8	24	15	29	40	14	41	35	28	30	26	33	25	6	44	55	7	23	38	37	13	48	1	54	42	53	9	22	34	4	11	43	27	21	
Grade 9 - Class 5	|	55	42	11	30	45	24	29	22	43	1	53	32	40	3	26	52	9	17	48	6	38	2	50	47	13	31	49	44	7	8	34	10	14	33	25	41	36	5	46	39	54	15	4	27	21	19	28	20	12	23	18	16	37	35	51	
Grade 9 - Class 6	|	26	6	9	41	7	47	15	8	28	13	38	21	22	29	2	42	37	24	23	46	39	55	54	20	36	16	35	52	11	3	12	45	51	14	1	30	48	19	34	27	50	43	18	25	49	5	4	53	32	40	10	44	17	33	31	
---------------------------------------------------------------------------------------------------------------------------------------------------------------------------------------------------------------------------------------------------


Solution Value (Fitness): 9755
----------------------------------------------------------


Master Timetable (Class-Timeslot Lesson Allocations):

Timeslots ->			1	2	3	4	5	6	7	8	9	10	11	12	13	14	15	16	17	18	19	20	21	22	23	24	25	26	27	28	29	30	31	32	33	34	35	36	37	38	39	40	41	42	43	44	45	46	47	48	49	50	51	52	53	54	55	
Classes:
---------------------------------------------------------------------------------------------------------------------------------------------------------------------------------------------------------------------------------------------------
Grade 7 - Class 1	|	2	25	50	51	53	43	6	13	41	4	37	42	20	1	3	26	49	36	16	29	28	5	32	31	8	40	30	12	21	14	11	27	44	54	52	7	10	15	46	39	45	34	22	17	9	38	55	35	48	19	47	33	18	23	24	
Grade 7 - Class 2	|	27	37	41	18	8	13	55	25	5	53	9	34	38	14	22	11	40	6	2	16	17	51	29	35	30	4	24	46	32	12	50	52	15	1	7	48	45	42	49	43	44	31	20	28	26	10	33	54	47	36	3	23	21	19	39	
Grade 7 - Class 3	|	51	54	17	33	14	48	37	5	35	19	49	25	4	22	32	3	1	41	21	23	27	16	15	24	12	45	36	31	18	47	6	2	53	46	42	38	13	10	43	11	29	50	52	20	39	55	26	30	40	7	34	44	28	9	8	
Grade 8 - Class 1	|	40	23	30	17	46	3	39	24	37	45	43	35	5	31	51	34	1	10	14	52	44	19	4	28	53	49	27	54	20	33	8	15	9	13	29	32	7	25	42	48	2	6	22	38	50	18	26	41	47	12	55	36	11	16	21	
Grade 8 - Class 2	|	43	39	42	33	5	50	31	30	7	24	18	46	14	52	9	21	44	36	29	19	34	17	11	20	26	15	48	27	45	3	49	8	37	55	16	22	28	35	13	23	38	25	1	32	47	53	12	2	40	54	10	51	4	6	41	
Grade 8 - Class 3	|	9	34	14	32	19	12	48	54	22	40	47	55	45	26	35	11	16	53	13	33	51	7	30	37	36	6	24	29	1	38	15	23	49	5	52	10	18	8	42	39	27	50	28	2	17	20	25	44	46	4	43	21	41	31	3	
Grade 9 - Class 1	|	50	51	13	37	53	24	38	20	30	18	36	46	44	16	14	31	19	11	3	29	5	45	15	10	4	22	26	1	47	9	35	42	40	41	2	52	27	21	6	12	28	54	43	39	55	34	32	25	7	48	17	33	23	49	8	
Grade 9 - Class 2	|	25	1	24	29	43	55	54	10	45	6	30	44	28	31	33	27	32	46	49	23	38	18	35	52	19	51	14	12	48	50	5	17	8	15	40	41	11	4	47	2	13	39	37	21	9	3	36	7	42	22	20	16	34	26	53	
Grade 9 - Class 3	|	1	32	50	8	29	30	7	13	15	27	23	25	17	52	6	42	16	9	39	36	40	22	26	12	51	38	10	48	3	47	41	20	34	11	14	37	24	55	54	43	19	2	21	5	46	49	31	53	18	44	45	33	28	4	35	
Grade 9 - Class 4	|	44	1	8	51	2	35	38	22	48	14	52	12	42	27	24	15	6	10	5	13	55	49	39	23	34	32	54	30	25	31	16	21	33	50	29	7	41	40	4	26	28	46	53	36	17	9	19	43	18	11	3	20	47	45	37	
Grade 9 - Class 5	|	10	22	14	43	38	20	29	30	17	32	3	49	25	33	42	52	18	51	46	48	45	8	50	6	35	15	44	47	7	4	26	12	34	31	54	37	53	21	40	13	36	2	9	28	5	39	24	19	27	23	55	16	11	41	1	
Grade 9 - Class 6	|	35	15	30	47	46	2	5	8	3	51	29	31	10	34	7	26	53	43	38	24	12	13	19	18	44	1	40	9	14	36	55	49	54	39	27	25	17	11	21	50	4	16	42	52	32	20	6	37	45	41	33	28	48	23	22	
---------------------------------------------------------------------------------------------------------------------------------------------------------------------------------------------------------------------------------------------------


Teacher-Timeslot Allocations:

Teacher 1	|	1	5	7	8	9	10	11	13	14	15	16	17	18	19	22	25	26	31	32	34	35	36	37	38	45	46	50	51	54	55	
Teacher 2	|	1	5	6	9	13	15	17	18	22	23	26	29	30	31	32	33	34	36	37	38	41	42	43	44	48	50	51	53	54	55	
Teacher 3	|	1	2	4	7	8	10	15	18	19	21	24	25	27	28	29	30	31	33	35	38	39	40	42	44	45	46	48	49	54	55	
Teacher 4	|	1	2	3	5	6	7	8	9	11	13	15	17	18	19	22	24	26	28	29	30	36	39	41	42	43	45	46	47	51	55	
Teacher 5	|	2	3	4	5	6	7	8	9	11	12	13	14	16	18	19	20	21	22	23	24	25	27	28	29	30	30	31	33	36	37	38	40	40	42	44	45	46	48	50	51	53	55	
Teacher 6	|	2	2	3	4	6	7	9	11	12	13	15	16	16	17	18	19	19	21	22	23	24	25	26	30	31	32	33	34	35	37	38	39	40	41	44	45	46	47	50	52	53	54	
Teacher 7	|	3	4	7	8	9	10	11	13	14	15	17	18	19	20	21	22	23	23	24	26	27	28	31	32	33	34	34	35	36	37	40	41	42	43	44	46	47	49	51	52	53	55	
Teacher 8	|	1	2	3	5	6	7	9	10	12	14	16	17	19	20	21	22	23	24	25	25	26	29	30	31	32	33	34	36	37	38	40	41	42	44	45	46	48	49	50	52	53	55	
Teacher 9	|	1	2	2	5	8	8	10	10	12	13	14	15	16	19	20	21	21	22	24	26	27	27	28	29	29	30	32	33	34	37	38	39	41	41	43	43	43	44	45	47	47	49	49	50	51	52	52	53	54	54	55	55	
Teacher 10	|	1	3	5	6	8	9	9	10	11	12	12	12	13	13	14	16	16	17	17	18	20	20	22	24	25	25	26	27	27	28	29	29	32	36	37	38	39	40	41	42	44	45	46	47	48	48	49	50	51	52	53	54	
Teacher 11	|	1	2	4	5	6	8	10	11	12	13	14	15	16	19	20	21	22	23	23	24	25	27	28	29	30	31	32	32	35	36	37	38	39	40	41	42	43	45	46	47	47	48	49	49	50	50	51	52	53	54	54	55	
Teacher 12	|	1	3	3	4	6	9	11	12	14	15	17	18	20	21	23	23	24	24	25	26	27	28	29	30	35	35	36	38	39	39	40	41	42	44	47	48	48	49	52	53	
Teacher 13	|	1	3	4	4	4	5	7	8	9	10	11	13	14	15	16	17	19	20	20	23	28	32	33	34	35	36	37	39	41	43	43	44	47	49	49	51	52	53	54	55	
Teacher 14	|	2	3	4	5	6	7	8	10	11	12	13	14	15	16	18	21	26	27	28	30	31	33	34	35	37	38	39	40	41	43	44	45	47	48	50	51	52	52	53	54	
Teacher 15	|	1	2	3	4	5	6	6	7	7	8	10	11	12	14	15	17	18	20	21	22	25	26	27	28	31	31	32	33	33	34	34	35	35	36	39	40	42	42	43	45	46	46	47	48	49	50	51	52	
Teacher 16	|	1	2	3	4	5	6	7	9	10	11	12	14	16	17	18	19	20	21	22	23	24	25	26	27	28	29	30	31	32	33	34	35	36	37	38	39	40	42	43	44	45	46	48	50	51	53	54	55	
----------------------------------------------------------


=================================================================

=================================================================



Process finished with exit code 0
