C:\Users\talha\AppData\Local\Programs\Python\Python38-32\python.exe "C:/Users/talha/Documents/CS Honours/COMP719 - OM/Assessments/Project/SA-HS-TimetableProblem/Main.py"


Solving the Timetabling Problem for Grades 7 to 9 based on the  South African DOE's Curriculum Guidelines
using a Genetic Algorithm and Cat Swarm Optimization Algorithm and comparing the results
==============================================================================================================
==============================================================================================================
==============================================================================================================


Subjects: 
	Subject 1: Home Language
	Subject 2: First Additional Language
	Subject 3: Mathematics
	Subject 4: Natural Science
	Subject 5: Social Science
	Subject 6: Technology
	Subject 7: Economic and Management Science
	Subject 8: Life Orientation
	Subject 9: Arts and Culture
==================================================================
==================================================================


INPUT 1
----------
Number of classes in Grade 7: 				 2
Number of classes in Grade 8: 				 2
Number of classes in Grade 9: 				 2

Number of teachers teaching in Grades 7-9:	 15


Teacher Class-Subject Allocation Table:

Subjects ->			1	2	3	4	5	6	7	8	9	
Classes:
--------------------------------------------------------------------------------------------------
Grade 7 - Class 1	|	1	4	7	10	4	10	7	13	13	
Grade 7 - Class 2	|	1	4	7	10	4	10	7	13	13	
Grade 8 - Class 1	|	2	5	8	11	5	11	8	14	14	
Grade 8 - Class 2	|	2	5	8	11	5	11	8	14	14	
Grade 9 - Class 1	|	3	6	9	12	6	12	9	15	15	
Grade 9 - Class 2	|	3	6	9	12	6	12	9	15	15	
--------------------------------------------------------------------------------------------------

======================================================================================================================

Solving INPUT 1 using the GeneticAlgorithm:

	Initialising Population (20 individuals):

	Time taken to initialise population: 0.038008928298950195 seconds
	Finding optimal solution...
		Generation:	1, 2, 3, 4, 5, 6, 7, 8, 9, 10, 11, 12, 13, 14, 15, 16, 17, 18, 19, 20, 21, 22, 23, 24, 25, 26, 27, 28, 29, 30, 31, 32, 33, 34, 35, 36, 37, 38, 39, 40, 41, 42, 43, 44, 45, 46, 47, 48, 49, 50, 51, 52, 53, 54, 55, 56, 57, 58, 59, 60, 61, 62, 63, 64, 65, 66, 67, 68, 69, 70, 71, 72, 73, 74, 75, 76, 77, 78, 79, 80, 81, 82, 83, 84, 85, 86, 87, 88, 89, 90, 91, 92, 93, 94, 95, 96, 97, 98, 99, 100, 101, 102, 103, 104, 105, 106, 107, 108, 109, 110, 111, 112, 113, 114, 115, 116, 117, 118, 119, 120, 121, 122, 123, 124, 125, 126, 127, 128, 129, 130, 131, 132, 133, 134, 135, 136, 137, 138, 139, 140, 141, 142, 143, 144, 145, 146, 147, 148, 149, 150, 151, 152, 153, 154, 155, 156, 157, 158, 159, 160, 161, 162, 163, 164, 165, 166, 167, 168, 169, 170, 171, 172, 173, 174, 175, 176, 177, 178, 179, 180, 181, 182, 183, 184, 185, 186, 187, 188, 189, 190, 191, 192, 193, 194, 195, 196, 197, 198, 199, 200, 201, 202, 203, 204, 205, 206, 207, 208, 209, 210, 211, 212, 213, 214, 215, 216, 217, 218, 219, 220, 221, 222, 223, 224, 225, 

	Time taken to solve: 125.78803014755249 seconds

Optimal solution found in Generation 125  with a fitness of  5380


SOLUTION:
Class-Lesson Timeslot Allocation Table:

Lessons ->			1	2	3	4	5	6	7	8	9	10	11	12	13	14	15	16	17	18	19	20	21	22	23	24	25	26	27	28	29	30	31	32	33	34	35	36	37	38	39	40	41	42	43	44	45	46	47	48	49	50	51	52	53	54	55	
Classes:
---------------------------------------------------------------------------------------------------------------------------------------------------------------------------------------------------------------------------------------------------
Grade 7 - Class 1	|	1	34	53	24	10	3	13	17	38	29	54	36	8	4	2	27	20	35	40	7	43	39	28	22	23	21	25	9	48	16	55	5	6	49	52	31	51	11	14	44	33	12	26	37	18	30	45	15	32	41	19	50	42	47	46	
Grade 7 - Class 2	|	35	54	31	4	7	12	23	46	40	43	28	10	45	29	5	32	41	21	6	9	36	52	38	19	48	47	24	8	49	11	22	3	25	15	33	39	55	16	44	42	37	53	1	17	51	13	50	34	2	14	26	30	27	20	18	
Grade 8 - Class 1	|	9	27	33	19	18	8	12	3	43	55	44	54	35	21	25	52	31	6	41	47	1	5	50	51	24	36	4	28	40	42	10	7	13	22	16	17	11	20	32	2	53	26	30	49	15	23	34	14	46	45	48	37	29	39	38	
Grade 8 - Class 2	|	31	34	29	47	15	36	37	17	54	1	45	9	14	13	26	41	39	51	18	33	27	52	53	10	21	22	19	49	35	44	5	12	16	42	7	30	40	48	46	3	4	50	20	2	8	38	25	32	28	11	43	55	6	23	24	
Grade 9 - Class 1	|	30	24	27	11	31	55	52	45	3	20	47	53	37	32	38	18	14	26	41	15	42	34	16	21	8	51	28	23	39	40	17	22	48	29	7	5	54	13	33	46	1	19	36	12	50	43	44	4	6	35	10	9	2	49	25	
Grade 9 - Class 2	|	33	48	29	50	38	40	9	10	14	26	19	12	4	43	27	21	35	49	36	5	13	1	6	31	32	22	53	8	20	41	34	42	45	28	44	17	55	23	46	25	7	54	15	37	11	18	2	24	47	39	30	3	52	16	51	
---------------------------------------------------------------------------------------------------------------------------------------------------------------------------------------------------------------------------------------------------


Solution Value (Fitness): 5380
----------------------------------------------------------


Master Timetable (Class-Timeslot Lesson Allocations):

Timeslots ->			1	2	3	4	5	6	7	8	9	10	11	12	13	14	15	16	17	18	19	20	21	22	23	24	25	26	27	28	29	30	31	32	33	34	35	36	37	38	39	40	41	42	43	44	45	46	47	48	49	50	51	52	53	54	55	
Classes:
---------------------------------------------------------------------------------------------------------------------------------------------------------------------------------------------------------------------------------------------------
Grade 7 - Class 1	|	1	15	6	14	32	33	20	13	28	5	38	42	7	39	48	30	8	45	51	17	26	24	25	4	27	43	16	23	10	46	36	49	41	2	18	12	44	9	22	19	50	53	21	40	47	55	54	29	34	52	37	35	3	11	31	
Grade 7 - Class 2	|	43	49	32	4	15	19	5	28	20	12	30	6	46	50	34	38	44	55	24	54	18	31	7	27	33	51	53	11	14	52	3	16	35	48	1	21	41	23	36	9	17	40	10	39	13	8	26	25	29	47	45	22	42	2	37	
Grade 8 - Class 1	|	21	40	8	27	22	18	32	6	1	31	37	7	33	48	45	35	36	5	4	38	14	34	46	25	15	42	2	28	53	43	17	39	3	47	13	26	52	55	54	29	19	30	9	11	50	49	20	51	44	23	24	16	41	12	10	
Grade 8 - Class 2	|	10	44	40	41	31	53	35	45	12	24	50	32	14	13	5	33	8	19	27	43	25	26	54	55	47	15	21	49	3	36	1	48	20	2	29	6	7	46	17	37	16	34	51	30	11	39	4	38	28	42	18	22	23	9	52	
Grade 9 - Class 1	|	41	53	9	48	36	49	35	25	52	51	4	44	38	17	20	23	31	16	42	10	24	32	28	2	55	18	3	27	34	1	5	14	39	22	50	43	13	15	29	30	19	21	46	47	8	40	11	33	54	45	26	7	12	37	6	
Grade 9 - Class 2	|	22	47	52	13	20	23	41	28	7	8	45	12	21	9	43	54	36	46	11	29	16	26	38	48	40	10	15	34	3	51	24	25	1	31	17	19	44	5	50	6	30	32	14	35	33	39	49	2	18	4	55	53	27	42	37	
---------------------------------------------------------------------------------------------------------------------------------------------------------------------------------------------------------------------------------------------------


Teacher-Timeslot Allocations:

Teacher 1	|	0	2	3	6	9	11	12	16	22	23	28	30	33	34	37	39	42	45	52	53	
Teacher 2	|	0	2	7	8	11	14	16	17	18	26	28	30	32	33	35	36	42	46	53	54	
Teacher 3	|	2	8	9	10	13	19	23	25	26	28	29	30	32	37	39	44	47	49	51	54	
Teacher 4	|	1	3	4	7	9	10	13	14	15	19	20	26	27	28	30	31	32	34	35	38	40	43	44	48	50	51	53	54	
Teacher 5	|	5	6	8	10	12	13	15	16	19	20	21	24	25	29	30	31	34	38	39	40	41	43	44	45	47	50	51	53	
Teacher 6	|	3	4	6	11	12	13	16	17	18	20	22	25	26	27	28	31	32	34	36	37	42	43	45	46	48	52	53	54	
Teacher 7	|	5	6	8	12	16	17	18	20	21	22	23	24	27	29	35	36	37	38	39	42	44	46	47	49	50	51	
Teacher 8	|	0	1	3	4	7	9	14	17	18	20	21	22	23	24	26	32	33	35	37	40	46	48	49	50	51	52	
Teacher 9	|	0	1	4	5	7	10	11	12	14	15	17	20	21	27	30	31	33	35	36	40	41	42	43	49	50	52	
Teacher 10	|	0	2	4	5	7	8	10	11	15	21	24	25	32	36	41	43	47	48	52	54	
Teacher 11	|	1	2	3	4	6	9	11	12	15	19	25	27	29	34	39	41	43	48	49	52	
Teacher 12	|	0	6	7	14	16	18	19	21	22	24	33	35	38	39	40	41	44	45	47	53	
Teacher 13	|	1	13	14	17	18	19	25	26	29	31	33	40	41	45	46	49	
Teacher 14	|	5	10	13	22	23	27	28	31	36	37	38	42	44	45	47	54	
Teacher 15	|	1	2	3	5	8	9	15	23	24	29	34	38	46	48	50	51	
----------------------------------------------------------


=================================================================

=================================================================


INPUT 2
----------
Number of classes in Grade 7: 				 4
Number of classes in Grade 8: 				 4
Number of classes in Grade 9: 				 4

Number of teachers teaching in Grades 7-9:	 22


Teacher Class-Subject Allocation Table:

Subjects ->			1	2	3	4	5	6	7	8	9	
Classes:
-----------------------------------------------------------
Grade 7 - Class 1	|	1	5	9	15	5	15	9	19	19	
Grade 7 - Class 2	|	1	5	9	15	5	15	9	19	19	
Grade 7 - Class 3	|	1	5	10	15	5	15	9	19	19	
Grade 7 - Class 4	|	2	6	10	16	6	16	10	19	19	
Grade 8 - Class 1	|	2	6	11	16	6	16	10	20	20	
Grade 8 - Class 2	|	2	6	11	16	6	16	10	20	20	
Grade 8 - Class 3	|	3	7	12	17	7	17	11	20	20	
Grade 8 - Class 4	|	3	7	12	17	7	17	11	20	20	
Grade 9 - Class 1	|	3	7	13	17	7	17	11	21	21	
Grade 9 - Class 2	|	4	8	13	18	8	18	12	21	22	
Grade 9 - Class 3	|	4	5	14	18	8	18	12	21	22	
Grade 9 - Class 4	|	4	8	14	18	8	18	12	21	22	
-----------------------------------------------------------

=================================================================

Solving INPUT 2 using the GeneticAlgorithm:

	Initialising Population (20 individuals):

	Time taken to initialise population: 0.08199548721313477 seconds
	Finding optimal solution...
		Generation:	1, 2, 3, 4, 5, 6, 7, 8, 9, 10, 11, 12, 13, 14, 15, 16, 17, 18, 19, 20, 21, 22, 23, 24, 25, 26, 27, 28, 29, 30, 31, 32, 33, 34, 35, 36, 37, 38, 39, 40, 41, 42, 43, 44, 45, 46, 47, 48, 49, 50, 51, 52, 53, 54, 55, 56, 57, 58, 59, 60, 61, 62, 63, 64, 65, 66, 67, 68, 69, 70, 71, 72, 73, 74, 75, 76, 77, 78, 79, 80, 81, 82, 83, 84, 85, 86, 87, 88, 89, 90, 91, 92, 93, 94, 95, 96, 97, 98, 99, 100, 101, 102, 103, 104, 105, 106, 107, 108, 109, 110, 111, 112, 113, 114, 115, 116, 117, 118, 119, 120, 121, 122, 123, 124, 125, 126, 127, 128, 129, 130, 131, 132, 133, 134, 135, 136, 137, 138, 139, 140, 141, 142, 143, 144, 145, 146, 147, 148, 149, 150, 151, 152, 153, 154, 155, 156, 157, 158, 159, 160, 161, 

	Time taken to solve: 149.46173286437988 seconds

Optimal solution found in Generation 61  with a fitness of  14555


SOLUTION:
Class-Lesson Timeslot Allocation Table:

Lessons ->				1	2	3	4	5	6	7	8	9	10	11	12	13	14	15	16	17	18	19	20	21	22	23	24	25	26	27	28	29	30	31	32	33	34	35	36	37	38	39	40	41	42	43	44	45	46	47	48	49	50	51	52	53	54	55	
Classes:
---------------------------------------------------------------------------------------------------------------------------------------------------------------------------------------------------------------------------------------------------
Grade 7 - Class 1	|	35	46	23	43	47	3	8	40	45	55	17	11	22	16	52	29	27	50	28	38	33	41	48	14	20	19	6	39	24	7	30	26	54	15	51	21	10	5	4	25	12	2	1	34	31	36	37	53	18	32	13	9	49	44	42	
Grade 7 - Class 2	|	9	49	4	5	33	52	12	51	7	18	19	54	23	31	39	37	43	48	36	8	26	42	45	21	29	1	15	14	28	46	55	11	38	10	35	2	32	41	53	6	44	40	27	22	30	17	13	20	50	47	3	25	24	16	34	
Grade 7 - Class 3	|	50	34	13	28	54	15	32	53	29	27	3	47	2	9	6	18	12	30	16	4	1	52	21	44	5	39	35	55	43	48	8	31	17	19	41	36	24	49	38	20	37	42	23	46	10	11	25	40	51	7	33	45	14	22	26	
Grade 7 - Class 4	|	32	18	9	16	3	20	33	25	39	52	45	23	43	21	55	48	37	54	24	26	40	15	50	41	38	10	6	35	4	2	17	47	5	29	30	44	53	22	7	51	34	49	13	42	8	14	11	28	46	36	12	27	19	1	31	
Grade 8 - Class 1	|	7	19	51	35	34	11	23	42	12	54	47	15	40	24	39	3	26	18	45	41	5	8	16	13	4	33	30	55	22	36	48	6	46	32	31	1	52	38	50	9	14	21	20	25	17	37	53	28	43	49	27	44	29	2	10	
Grade 8 - Class 2	|	30	31	55	24	44	21	40	48	53	37	36	51	35	33	17	13	2	46	19	43	39	50	32	52	10	25	18	29	42	15	1	11	23	14	28	5	6	8	12	7	45	54	41	34	3	49	27	9	4	20	26	38	47	16	22	
Grade 8 - Class 3	|	19	4	36	12	35	41	23	18	47	29	55	16	31	2	49	13	20	6	15	32	42	43	44	11	54	3	10	26	33	34	30	28	53	39	14	27	25	17	46	45	50	8	40	22	9	38	7	51	1	21	24	5	48	52	37	
Grade 8 - Class 4	|	16	27	31	38	2	43	8	13	21	22	30	32	26	35	48	7	18	11	52	25	14	41	39	29	53	49	23	19	4	47	46	20	5	51	1	44	28	15	45	9	10	54	42	17	3	24	37	55	36	6	34	12	50	33	40	
Grade 9 - Class 1	|	30	20	43	22	39	11	46	51	40	6	55	25	13	53	38	23	28	2	41	14	3	45	15	50	8	9	19	27	17	7	49	34	36	24	47	16	48	54	5	52	12	4	44	1	42	29	31	10	37	21	32	18	26	33	35	
Grade 9 - Class 2	|	25	20	4	15	32	45	54	34	8	6	42	19	52	44	3	41	48	21	30	24	23	22	38	49	2	46	35	53	39	1	13	12	27	14	10	47	33	11	9	51	43	16	37	31	36	55	18	50	28	29	7	40	17	26	5	
Grade 9 - Class 3	|	2	43	13	9	49	41	27	17	12	47	42	45	1	33	44	7	34	25	15	16	37	23	30	28	24	4	8	55	36	3	11	50	29	26	39	22	32	38	6	48	53	46	18	21	52	40	20	51	14	54	5	10	19	35	31	
Grade 9 - Class 4	|	14	50	3	55	26	29	36	30	39	40	22	12	25	2	8	24	49	34	43	53	21	48	52	11	44	1	35	10	6	19	23	32	15	18	28	9	54	4	37	45	33	7	42	51	13	5	47	16	17	20	31	46	38	41	27	
---------------------------------------------------------------------------------------------------------------------------------------------------------------------------------------------------------------------------------------------------


Solution Value (Fitness): 14555
----------------------------------------------------------


Master Timetable (Class-Timeslot Lesson Allocations):

Timeslots ->			1	2	3	4	5	6	7	8	9	10	11	12	13	14	15	16	17	18	19	20	21	22	23	24	25	26	27	28	29	30	31	32	33	34	35	36	37	38	39	40	41	42	43	44	45	46	47	48	49	50	51	52	53	54	55	
Classes:
---------------------------------------------------------------------------------------------------------------------------------------------------------------------------------------------------------------------------------------------------
Grade 7 - Class 1	|	43	42	6	39	38	27	30	7	52	37	12	41	51	24	34	14	11	49	26	25	36	13	3	29	40	32	17	19	16	31	45	50	21	44	1	46	47	20	28	8	22	55	4	54	9	2	5	23	53	18	35	15	48	33	10	
Grade 7 - Class 2	|	26	36	51	3	4	40	9	20	1	34	32	7	47	28	27	54	46	10	11	48	24	44	13	53	52	21	43	29	25	45	14	37	5	55	35	19	16	33	15	42	38	22	17	41	23	30	50	18	2	49	8	6	39	12	31	
Grade 7 - Class 3	|	21	13	11	20	25	15	50	31	14	45	46	17	3	53	6	19	33	16	34	40	23	54	43	37	47	55	10	4	9	18	32	7	51	2	27	36	41	39	26	48	35	42	29	24	52	44	12	30	38	1	49	22	8	5	28	
Grade 7 - Class 4	|	54	30	5	29	33	27	39	45	3	26	47	51	43	46	22	4	31	2	53	6	14	38	12	19	8	20	52	48	34	35	55	1	7	41	28	50	17	25	9	21	24	44	13	36	11	49	32	16	42	23	40	10	37	18	15	
Grade 8 - Class 1	|	36	54	16	25	21	32	1	22	40	55	6	9	24	41	12	23	45	18	2	43	42	29	7	14	44	17	51	48	53	27	35	34	26	5	4	30	46	38	15	13	20	8	49	52	19	33	11	31	50	39	3	37	47	10	28	
Grade 8 - Class 2	|	31	17	45	49	36	37	40	38	48	25	32	39	16	34	30	54	15	27	19	50	6	55	33	4	26	51	47	35	28	1	2	23	14	44	13	11	10	52	21	7	43	29	20	5	41	18	53	8	46	22	12	24	9	42	3	
Grade 8 - Class 3	|	49	14	26	2	52	18	47	42	45	27	24	4	16	35	19	12	38	8	1	17	50	44	7	51	37	28	36	32	10	31	13	20	29	30	5	3	55	46	34	43	6	21	22	23	40	39	9	53	15	41	48	54	33	25	11	
Grade 8 - Class 4	|	35	5	45	29	33	50	16	7	40	41	18	52	8	21	38	1	44	17	28	32	9	10	27	46	20	13	2	37	24	11	3	12	54	51	14	49	47	4	23	55	22	43	6	36	39	31	30	15	26	53	34	19	25	42	48	
Grade 9 - Class 1	|	44	18	21	42	39	10	30	25	26	48	6	41	13	20	23	36	29	52	27	2	50	4	16	34	12	53	28	17	46	1	47	51	54	32	55	33	49	15	5	9	19	45	3	43	22	7	35	37	31	24	8	40	14	38	11	
Grade 9 - Class 2	|	30	25	15	3	55	10	51	9	39	35	38	32	31	34	4	42	53	47	12	2	18	22	21	20	1	54	33	49	50	19	44	5	37	8	27	45	43	23	29	52	16	11	41	14	6	26	36	17	24	48	40	13	28	7	46	
Grade 9 - Class 3	|	13	1	30	26	51	39	16	27	4	52	31	9	3	49	19	20	8	43	53	47	44	36	22	25	18	34	7	24	33	23	55	37	14	17	54	29	21	38	35	46	6	11	2	15	12	42	10	40	5	32	48	45	41	50	28	
Grade 9 - Class 4	|	26	14	3	38	46	29	42	15	36	28	24	12	45	1	33	48	49	34	30	50	21	11	31	16	13	5	55	35	6	8	51	32	41	18	27	7	39	53	9	10	54	43	19	25	40	52	47	22	17	2	44	23	20	37	4	
---------------------------------------------------------------------------------------------------------------------------------------------------------------------------------------------------------------------------------------------------


Teacher-Timeslot Allocations:

Teacher 1	|	2	3	4	6	7	8	11	12	14	17	22	26	27	28	31	32	33	34	39	42	44	45	46	48	49	50	51	52	53	54	
Teacher 2	|	2	6	8	10	11	15	17	18	19	20	22	23	24	29	30	31	32	33	34	36	38	39	41	43	47	50	51	52	53	54	
Teacher 3	|	1	3	5	7	10	11	12	15	17	18	19	20	21	21	22	26	28	29	30	34	35	37	38	39	40	42	42	45	46	50	
Teacher 4	|	1	2	3	5	7	8	11	12	13	14	16	19	24	25	26	28	29	31	33	35	38	39	40	42	44	46	48	49	53	54	
Teacher 5	|	0	1	1	2	3	4	5	6	8	9	9	10	11	14	15	16	17	18	18	20	21	22	23	24	26	28	29	30	31	32	33	34	35	36	37	38	40	40	41	42	43	44	46	47	48	49	50	51	52	53	
Teacher 6	|	0	1	2	4	5	6	7	11	12	13	14	16	17	20	21	22	23	25	27	28	29	30	31	32	34	35	36	37	38	39	42	43	44	45	46	47	49	50	51	52	53	54	
Teacher 7	|	0	1	1	4	5	6	10	12	12	13	14	15	15	16	17	19	22	23	24	24	25	26	27	27	29	30	31	34	37	38	43	44	45	46	47	47	48	50	52	53	54	54	
Teacher 8	|	1	2	3	5	7	8	8	9	10	11	13	17	18	20	21	21	23	24	25	27	31	32	33	36	37	38	40	41	43	46	47	48	51	53	
Teacher 9	|	0	5	7	9	10	12	13	14	16	18	19	20	21	24	25	27	28	29	30	32	33	35	35	36	37	40	41	44	45	47	
Teacher 10	|	0	2	3	4	5	7	9	10	13	14	15	16	20	23	24	25	26	33	34	36	37	38	39	40	41	43	48	49	51	52	
Teacher 11	|	0	2	3	4	6	7	8	9	12	15	16	17	18	21	23	24	28	29	30	31	32	36	37	38	40	41	42	44	49	51	
Teacher 12	|	2	4	9	10	12	13	14	17	19	20	22	24	28	30	31	35	38	39	40	41	42	43	46	48	50	51	51	52	53	54	
Teacher 13	|	1	2	7	8	13	14	18	21	22	23	29	34	37	40	44	45	48	49	
Teacher 14	|	0	3	7	10	14	15	20	22	23	27	29	34	36	42	43	47	51	52	
Teacher 15	|	0	1	5	6	7	10	11	13	16	19	22	23	24	25	26	27	29	30	36	37	38	39	41	42	43	45	47	53	54	54	
Teacher 16	|	0	1	3	4	5	6	8	10	12	13	14	16	19	20	21	22	28	33	34	35	40	41	44	45	46	47	48	50	53	54	
Teacher 17	|	3	3	4	6	7	8	9	11	16	18	19	25	26	27	29	32	33	33	35	39	41	43	44	45	46	48	49	51	52	53	
Teacher 18	|	0	2	5	6	9	10	11	12	14	15	17	18	22	26	28	31	32	35	36	38	41	42	44	45	47	49	50	52	52	54	
Teacher 19	|	0	2	6	8	11	12	13	15	17	18	19	21	23	24	25	26	27	30	31	32	33	35	39	41	43	44	45	46	48	49	50	52	
Teacher 20	|	0	1	3	4	5	8	9	11	15	19	20	21	23	25	26	27	28	32	33	35	36	37	39	42	43	46	47	48	49	50	51	54	
Teacher 21	|	4	6	9	13	15	16	17	19	20	25	27	28	30	31	32	34	36	49	50	53	
Teacher 22	|	4	9	16	18	25	26	30	34	37	39	40	45	
----------------------------------------------------------


=================================================================

=================================================================


INPUT 3
----------
Number of classes in Grade 7: 				 3
Number of classes in Grade 8: 				 3
Number of classes in Grade 9: 				 6

Number of teachers teaching in Grades 7-9:	 16


Teacher Class-Subject Allocation Table:

Subjects ->				1	2	3	4	5	6	7	8	9	
Classes:
-----------------------------------------------------------
Grade 7 - Class 1	|	1	5	9	12	5	12	9	15	15	
Grade 7 - Class 2	|	1	5	9	12	5	12	9	15	15	
Grade 7 - Class 3	|	1	5	9	12	5	12	9	15	15	
Grade 8 - Class 1	|	2	6	9	12	6	12	9	15	15	
Grade 8 - Class 2	|	2	6	10	13	6	13	10	15	15	
Grade 8 - Class 3	|	2	6	10	13	6	13	10	15	15	
Grade 9 - Class 1	|	3	7	10	13	7	13	10	16	16	
Grade 9 - Class 2	|	3	7	10	13	7	13	10	16	16	
Grade 9 - Class 3	|	3	7	11	14	7	14	11	16	16	
Grade 9 - Class 4	|	4	8	11	14	8	14	11	16	16	
Grade 9 - Class 5	|	4	8	11	14	8	14	11	16	16	
Grade 9 - Class 6	|	4	8	11	14	8	14	11	16	16	
-----------------------------------------------------------

=================================================================

Solving INPUT 3 using the GeneticAlgorithm:

	Initialising Population (20 individuals):

	Time taken to initialise population: 0.09703779220581055 seconds
	Finding optimal solution...
		Generation:	1, 2, 3, 4, 5, 6, 7, 8, 9, 10, 11, 12, 13, 14, 15, 16, 17, 18, 19, 20, 21, 22, 23, 24, 25, 26, 27, 28, 29, 30, 31, 32, 33, 34, 35, 36, 37, 38, 39, 40, 41, 42, 43, 44, 45, 46, 47, 48, 49, 50, 51, 52, 53, 54, 55, 56, 57, 58, 59, 60, 61, 62, 63, 64, 65, 66, 67, 68, 69, 70, 71, 72, 73, 74, 75, 76, 77, 78, 79, 80, 81, 82, 83, 84, 85, 86, 87, 88, 89, 90, 91, 92, 93, 94, 95, 96, 97, 98, 99, 100, 101, 102, 103, 104, 105, 106, 107, 108, 109, 110, 111, 112, 113, 114, 115, 116, 117, 118, 

	Time taken to solve: 103.72100257873535 seconds

Optimal solution found in Generation 18  with a fitness of  9815


SOLUTION:
Class-Lesson Timeslot Allocation Table:

Lessons ->				1	2	3	4	5	6	7	8	9	10	11	12	13	14	15	16	17	18	19	20	21	22	23	24	25	26	27	28	29	30	31	32	33	34	35	36	37	38	39	40	41	42	43	44	45	46	47	48	49	50	51	52	53	54	55	
Classes:
---------------------------------------------------------------------------------------------------------------------------------------------------------------------------------------------------------------------------------------------------
Grade 7 - Class 1	|	53	4	9	16	15	24	37	5	30	42	35	10	6	17	51	20	50	47	1	44	45	28	54	36	12	13	43	18	49	21	8	23	3	25	2	34	40	39	41	22	33	27	46	48	19	31	52	38	32	29	11	55	26	14	7	
Grade 7 - Class 2	|	32	17	8	28	39	14	40	38	23	41	12	34	33	54	44	1	5	7	45	13	27	49	18	9	20	37	55	2	16	35	50	6	36	4	30	29	24	26	31	46	47	43	25	11	22	21	15	53	3	19	51	10	52	42	48	
Grade 7 - Class 3	|	19	52	7	48	50	10	6	20	21	31	53	34	18	9	45	23	42	36	13	44	46	47	51	8	5	25	29	2	49	30	24	12	55	38	33	16	14	11	28	22	40	39	1	15	3	26	32	27	41	4	17	54	37	43	35	
Grade 8 - Class 1	|	14	39	45	36	1	32	40	50	29	26	6	35	4	17	54	3	48	41	47	49	9	8	7	42	5	43	19	11	28	31	23	15	20	12	18	16	46	37	10	30	34	13	33	53	52	55	38	27	21	22	2	24	44	51	25	
Grade 8 - Class 2	|	54	47	12	25	41	27	33	13	15	30	14	1	50	21	38	22	5	39	51	34	42	44	43	37	8	16	45	55	35	26	18	36	3	20	19	23	32	48	24	49	17	9	7	2	40	53	10	52	11	4	31	28	46	6	29	
Grade 8 - Class 3	|	55	20	6	10	22	18	46	9	2	7	25	26	45	3	43	51	44	27	4	50	12	14	38	21	47	23	11	1	53	34	19	41	39	13	28	36	49	52	42	8	5	29	33	24	31	54	32	40	48	37	15	16	30	17	35	
Grade 9 - Class 1	|	7	45	28	47	21	54	26	29	6	10	37	55	19	48	35	36	51	50	41	34	25	40	18	15	46	13	12	32	53	8	49	27	22	1	38	33	42	43	4	14	30	20	16	39	24	2	17	23	52	5	9	44	31	11	3	
Grade 9 - Class 2	|	11	9	5	32	41	35	40	18	27	46	13	45	12	6	54	26	23	29	16	22	10	31	1	36	30	3	20	19	55	34	21	44	52	25	7	15	14	53	39	47	2	43	37	38	48	33	28	8	24	49	42	50	4	17	51	
Grade 9 - Class 3	|	44	23	51	39	4	50	16	30	15	12	9	33	27	52	11	28	41	24	37	35	45	38	48	36	29	42	53	22	26	19	8	54	14	3	25	31	49	21	18	7	17	46	32	34	5	55	6	10	47	43	20	2	1	40	13	
Grade 9 - Class 4	|	5	13	3	47	49	1	23	38	4	32	25	53	34	14	30	15	37	31	19	42	2	7	17	21	8	24	43	52	10	39	27	51	20	9	35	48	46	29	16	22	40	18	6	44	50	45	11	12	28	41	33	36	54	55	26	
Grade 9 - Class 5	|	44	10	36	17	26	50	40	11	8	2	13	49	53	27	12	19	18	45	51	7	52	28	46	9	14	54	4	39	21	5	42	55	22	3	48	41	43	47	38	24	15	31	23	35	33	20	1	25	16	32	6	34	29	30	37	
Grade 9 - Class 6	|	54	28	6	25	27	53	20	55	43	37	17	5	24	4	44	33	50	8	29	10	41	7	32	16	3	30	15	42	1	2	31	9	18	52	19	40	36	26	51	12	11	13	34	49	23	47	35	39	46	45	14	38	21	48	22	
---------------------------------------------------------------------------------------------------------------------------------------------------------------------------------------------------------------------------------------------------


Solution Value (Fitness): 9815
----------------------------------------------------------


Master Timetable (Class-Timeslot Lesson Allocations):

Timeslots ->			1	2	3	4	5	6	7	8	9	10	11	12	13	14	15	16	17	18	19	20	21	22	23	24	25	26	27	28	29	30	31	32	33	34	35	36	37	38	39	40	41	42	43	44	45	46	47	48	49	50	51	52	53	54	55	
Classes:
---------------------------------------------------------------------------------------------------------------------------------------------------------------------------------------------------------------------------------------------------
Grade 7 - Class 1	|	19	35	33	2	8	13	55	31	3	12	51	25	26	54	5	4	14	28	45	16	30	40	32	6	34	53	42	22	50	9	46	49	41	36	11	24	7	48	38	37	39	10	27	20	21	43	18	44	29	17	15	47	1	23	52	
Grade 7 - Class 2	|	16	28	49	34	17	32	18	3	24	52	44	11	20	6	47	29	2	23	50	25	46	45	9	37	43	38	21	4	36	35	39	1	13	12	30	33	26	8	5	7	10	54	42	15	19	40	41	55	22	31	51	53	48	14	27	
Grade 7 - Class 3	|	43	28	45	50	25	7	3	24	14	6	38	32	19	37	44	36	51	13	1	8	9	40	16	31	26	46	48	39	27	30	10	47	35	12	55	18	53	34	42	41	49	17	54	20	15	21	22	4	29	5	23	2	11	52	33	
Grade 8 - Class 1	|	5	51	16	13	25	11	23	22	21	39	28	34	42	1	32	36	14	35	27	33	49	50	31	52	55	10	48	29	9	40	30	6	43	41	12	4	38	47	2	7	18	24	26	53	3	37	19	17	20	8	54	45	44	15	46	
Grade 8 - Class 2	|	12	44	33	50	17	54	43	25	42	47	49	3	8	11	9	26	41	31	35	34	14	16	36	39	4	30	6	52	55	10	51	37	7	20	29	32	24	15	18	45	5	21	23	22	27	53	2	38	40	13	19	48	46	1	28	
Grade 8 - Class 3	|	28	9	14	19	41	3	10	40	8	4	27	21	34	22	51	52	54	6	31	2	24	5	26	44	11	12	18	35	42	53	45	47	43	30	55	36	50	23	33	48	32	39	15	17	13	7	25	49	37	20	16	38	29	46	1	
Grade 9 - Class 1	|	34	46	55	39	50	9	1	30	51	10	54	27	26	40	24	43	47	23	13	42	5	33	48	45	21	7	32	3	8	41	53	28	36	20	15	16	11	35	44	22	19	37	38	52	2	25	4	14	31	18	17	49	29	6	12	
Grade 9 - Class 2	|	23	41	26	53	3	14	35	48	2	21	1	13	11	37	36	19	54	8	28	27	31	20	17	49	34	16	9	47	18	25	22	4	46	30	6	24	43	44	39	7	5	51	42	32	12	10	40	45	50	52	55	33	38	15	29	
Grade 9 - Class 3	|	53	52	34	5	45	47	40	31	11	48	15	10	55	33	9	7	41	39	30	51	38	28	2	18	35	29	13	16	25	8	36	43	12	44	20	24	19	22	4	54	17	26	50	1	21	42	49	23	37	6	3	14	27	32	46	
Grade 9 - Class 4	|	6	21	3	9	1	43	22	25	34	29	47	48	2	14	16	39	23	42	19	33	24	40	7	26	11	55	31	49	38	15	18	10	51	13	35	52	17	8	30	41	50	20	27	44	46	37	4	36	5	45	32	28	12	53	54	
Grade 9 - Class 5	|	47	10	34	27	30	51	20	9	24	2	8	15	11	25	41	49	4	17	16	46	29	33	43	40	48	5	14	22	53	54	42	50	45	52	44	3	55	39	28	7	36	31	37	1	18	23	38	35	12	6	19	21	13	26	32	
Grade 9 - Class 6	|	29	30	25	14	12	3	22	18	32	20	41	40	42	51	27	24	11	33	35	7	53	55	45	13	4	38	5	2	19	26	31	23	16	43	47	37	10	52	48	36	21	28	9	15	50	49	46	54	44	17	39	34	6	1	8	
---------------------------------------------------------------------------------------------------------------------------------------------------------------------------------------------------------------------------------------------------


Teacher-Timeslot Allocations:

Teacher 1	|	3	4	5	6	7	8	9	13	14	15	16	18	19	20	22	23	27	29	30	31	36	37	38	39	40	41	47	49	51	52	
Teacher 2	|	0	1	5	6	8	9	11	12	13	14	17	19	21	24	25	26	28	29	31	32	35	38	39	40	44	45	46	49	53	54	
Teacher 3	|	3	4	5	6	8	9	10	11	14	15	17	20	22	25	26	27	28	29	31	34	38	39	40	43	44	45	46	49	50	53	
Teacher 4	|	0	1	2	3	4	5	7	9	10	12	16	19	22	24	25	26	27	31	35	36	37	39	42	43	46	48	49	52	53	54	
Teacher 5	|	0	1	3	4	5	6	8	9	10	11	13	15	16	17	19	22	23	24	25	27	28	29	30	32	32	33	33	33	34	35	37	38	39	40	41	43	44	46	49	50	52	53	
Teacher 6	|	0	2	2	3	4	5	9	11	12	13	15	16	17	18	19	20	21	22	23	24	25	26	27	31	34	35	36	37	38	40	41	42	43	44	45	47	47	48	49	50	51	53	
Teacher 7	|	0	2	3	5	6	8	10	11	12	13	14	17	18	20	22	23	24	24	25	26	27	28	30	32	32	34	35	36	37	38	40	41	42	44	47	48	49	50	51	52	53	54	
Teacher 8	|	2	3	4	7	8	11	12	13	14	15	16	17	18	18	23	24	25	26	28	29	30	32	33	34	35	36	37	39	40	42	43	44	45	46	47	47	48	49	50	51	52	52	
Teacher 9	|	0	2	4	4	6	7	7	8	8	10	11	12	12	12	14	14	17	18	18	19	20	21	24	25	26	27	28	30	31	35	36	37	41	42	42	43	43	44	44	45	46	46	47	48	48	50	51	51	52	53	54	54	
Teacher 10	|	0	1	1	2	3	7	9	9	10	11	11	12	13	14	15	15	16	17	19	20	21	22	23	23	24	27	29	30	30	31	32	33	33	35	36	37	37	38	39	39	40	41	42	43	44	45	46	47	49	50	52	53	
Teacher 11	|	0	1	2	3	4	5	6	6	6	7	8	9	10	13	14	15	16	18	19	20	22	23	27	28	28	29	31	32	33	34	34	34	35	36	37	40	41	41	42	43	44	44	45	46	47	48	49	50	51	52	53	54	
Teacher 12	|	0	1	1	2	5	7	10	11	12	14	15	17	19	20	21	21	22	22	23	24	26	27	29	29	30	32	32	33	34	35	38	39	42	45	45	46	48	48	49	54	
Teacher 13	|	0	1	2	4	6	7	7	8	13	15	16	17	18	18	19	20	21	25	26	28	29	31	32	33	33	34	35	36	38	40	42	43	46	48	48	51	52	52	54	54	
Teacher 14	|	0	1	4	5	6	7	8	9	10	11	12	13	14	16	17	17	18	19	20	21	21	21	22	23	25	26	30	30	31	33	38	38	39	41	41	45	50	51	53	54	
Teacher 15	|	1	2	3	3	5	6	9	10	10	13	14	15	16	16	18	20	21	23	24	25	26	26	27	28	28	29	30	31	34	34	36	36	37	39	40	41	42	43	45	47	47	50	50	51	51	52	53	54	
Teacher 16	|	0	1	2	3	4	5	7	8	9	10	11	12	13	15	16	19	20	21	22	23	24	25	27	28	29	30	31	32	33	35	36	37	38	39	40	41	42	43	44	45	46	47	48	49	50	51	53	54	
----------------------------------------------------------


=================================================================

=================================================================



Process finished with exit code 0
