C:\Users\talha\AppData\Local\Programs\Python\Python38-32\python.exe "C:/Users/talha/Documents/CS Honours/COMP719 - OM/Assessments/Project/SA-HS-TimetableProblem/Main.py"


Solving the Timetabling Problem for Grades 7 to 9 based on the  South African DOE's Curriculum Guidelines
using a Genetic Algorithm and Cat Swarm Optimization Algorithm and comparing the results
==============================================================================================================
==============================================================================================================
==============================================================================================================


Subjects: 
	Subject 1: Home Language
	Subject 2: First Additional Language
	Subject 3: Mathematics
	Subject 4: Natural Science
	Subject 5: Social Science
	Subject 6: Technology
	Subject 7: Economic and Management Science
	Subject 8: Life Orientation
	Subject 9: Arts and Culture
==================================================================
==================================================================


INPUT 1
----------
Number of classes in Grade 7: 				 2
Number of classes in Grade 8: 				 2
Number of classes in Grade 9: 				 2

Number of teachers teaching in Grades 7-9:	 15


Teacher Class-Subject Allocation Table:

Subjects ->				1	2	3	4	5	6	7	8	9	
Classes:
-----------------------------------------------------------
Grade 7 - Class 1	|	1	4	7	10	4	10	7	13	13	
Grade 7 - Class 2	|	1	4	7	10	4	10	7	13	13	
Grade 8 - Class 1	|	2	5	8	11	5	11	8	14	14	
Grade 8 - Class 2	|	2	5	8	11	5	11	8	14	14	
Grade 9 - Class 1	|	3	6	9	12	6	12	9	15	15	
Grade 9 - Class 2	|	3	6	9	12	6	12	9	15	15	
-----------------------------------------------------------

=================================================================

Solving INPUT 1 using the GeneticAlgorithm:

	Initialising Population (5 individuals):

	Time taken to initialise population: 0.006999492645263672 seconds
	Finding optimal solution...
		Generation:	1, 2, 3, 4, 5, 6, 7, 8, 9, 10, 11, 12, 13, 14, 15, 16, 17, 18, 19, 20, 21, 22, 23, 24, 25, 26, 27, 28, 29, 30, 31, 32, 33, 34, 35, 36, 37, 38, 39, 40, 41, 42, 43, 44, 45, 46, 47, 48, 49, 50, 51, 52, 53, 54, 55, 56, 57, 58, 59, 60, 61, 62, 63, 64, 65, 66, 67, 68, 69, 70, 71, 72, 73, 74, 75, 76, 77, 78, 79, 80, 81, 82, 83, 84, 85, 86, 87, 88, 89, 90, 91, 92, 93, 94, 95, 96, 97, 98, 99, 100, 101, 102, 103, 104, 105, 106, 107, 108, 109, 110, 111, 112, 113, 114, 115, 116, 117, 118, 119, 120, 121, 122, 123, 124, 125, 126, 127, 128, 129, 130, 131, 132, 133, 134, 135, 136, 137, 138, 139, 140, 141, 142, 143, 144, 145, 146, 147, 148, 149, 150, 151, 152, 153, 

	Time taken to solve: 6.142948150634766 seconds

Optimal solution found in Generation 53  with a fitness of  5415


SOLUTION:
Class-Lesson Timeslot Allocation Table:

Lessons ->				1	2	3	4	5	6	7	8	9	10	11	12	13	14	15	16	17	18	19	20	21	22	23	24	25	26	27	28	29	30	31	32	33	34	35	36	37	38	39	40	41	42	43	44	45	46	47	48	49	50	51	52	53	54	55	
Classes:
---------------------------------------------------------------------------------------------------------------------------------------------------------------------------------------------------------------------------------------------------
Grade 7 - Class 1	|	34	30	8	23	6	4	51	17	38	13	46	41	36	35	37	29	16	54	28	3	44	15	42	20	26	21	22	14	2	45	9	25	47	32	55	12	10	43	11	5	19	49	18	33	1	50	7	39	27	48	31	40	24	53	52	
Grade 7 - Class 2	|	32	31	48	15	43	44	25	52	24	45	54	23	34	40	2	4	1	33	26	27	18	39	38	55	47	19	6	22	21	8	41	28	30	12	10	42	51	17	53	11	3	16	13	50	35	29	5	7	36	46	20	37	9	49	14	
Grade 8 - Class 1	|	5	50	28	22	35	54	48	29	13	21	26	7	25	10	51	49	31	36	53	46	2	47	19	30	11	34	15	6	33	12	41	32	3	38	4	55	52	18	17	16	8	40	45	37	1	24	23	39	14	9	43	42	27	20	44	
Grade 8 - Class 2	|	41	38	52	47	15	51	4	37	3	36	9	8	21	1	6	5	28	24	43	45	50	7	32	17	16	22	40	25	27	39	53	31	49	42	54	14	2	35	34	23	19	20	26	44	55	29	10	18	30	48	33	46	11	12	13	
Grade 9 - Class 1	|	19	43	10	36	34	51	46	31	11	45	30	8	50	49	7	47	53	33	14	48	18	20	26	54	13	44	35	39	12	5	37	6	17	28	41	22	16	1	27	21	2	38	4	25	42	3	9	29	24	55	15	52	32	23	40	
Grade 9 - Class 2	|	7	32	26	47	53	18	55	38	33	48	3	2	42	19	39	21	37	40	17	29	28	12	11	5	4	6	27	41	13	20	15	9	35	25	34	24	43	54	14	44	10	49	52	1	16	50	23	8	22	46	45	51	31	36	30	
---------------------------------------------------------------------------------------------------------------------------------------------------------------------------------------------------------------------------------------------------


Solution Value (Fitness): 5415
----------------------------------------------------------


Master Timetable (Class-Timeslot Lesson Allocations):

Timeslots ->			1	2	3	4	5	6	7	8	9	10	11	12	13	14	15	16	17	18	19	20	21	22	23	24	25	26	27	28	29	30	31	32	33	34	35	36	37	38	39	40	41	42	43	44	45	46	47	48	49	50	51	52	53	54	55	
Classes:
---------------------------------------------------------------------------------------------------------------------------------------------------------------------------------------------------------------------------------------------------
Grade 7 - Class 1	|	45	29	20	6	40	5	47	3	31	37	39	36	10	28	22	17	8	43	41	24	26	27	4	53	32	25	49	19	16	2	51	34	44	1	14	13	15	9	48	52	12	23	38	21	30	11	33	50	42	46	7	55	54	18	35	
Grade 7 - Class 2	|	17	15	41	16	47	27	48	30	53	35	40	34	43	55	4	42	38	21	26	51	29	28	12	9	7	19	20	32	46	33	2	1	18	13	45	49	52	23	22	14	31	36	5	6	10	50	25	3	54	44	37	8	39	11	24	
Grade 8 - Class 1	|	45	21	33	35	1	28	12	41	50	14	25	30	9	49	27	40	39	38	23	54	10	4	47	46	13	11	53	3	8	24	17	32	29	26	5	18	44	34	48	42	31	52	51	55	43	20	22	7	16	2	15	37	19	6	36	
Grade 8 - Class 2	|	14	37	9	7	16	15	22	12	11	47	53	54	55	36	5	25	24	48	41	42	13	26	40	18	28	43	29	17	46	49	32	23	51	39	38	10	8	2	30	27	1	34	19	44	20	52	4	50	33	21	6	3	31	35	45	
Grade 9 - Class 1	|	38	41	46	43	30	32	15	12	47	3	9	29	25	19	51	37	33	21	1	22	40	36	54	49	44	23	39	34	48	11	8	53	18	5	27	4	31	42	28	55	35	45	2	26	10	7	16	20	14	13	6	52	17	24	50	
Grade 9 - Class 2	|	44	12	11	25	24	26	1	48	32	41	23	22	29	39	31	45	19	6	14	30	16	49	47	36	34	3	27	21	20	55	53	2	9	35	33	54	17	8	15	18	28	13	37	40	51	50	4	10	42	46	52	43	5	38	7	
---------------------------------------------------------------------------------------------------------------------------------------------------------------------------------------------------------------------------------------------------


Teacher-Timeslot Allocations:

Teacher 1	|	4	6	8	13	15	17	23	24	25	30	31	32	34	38	43	44	45	48	51	52	
Teacher 2	|	3	4	5	13	15	21	22	28	29	35	36	37	38	41	47	48	50	51	52	54	
Teacher 3	|	7	10	11	18	19	26	31	32	33	34	36	38	43	45	46	47	48	51	53	55	
Teacher 4	|	1	2	4	10	10	11	12	12	16	17	23	29	32	33	34	35	36	37	40	41	42	43	46	51	53	54	54	55	
Teacher 5	|	1	2	4	5	6	7	8	9	10	14	17	18	21	24	25	26	28	31	34	35	36	38	42	49	51	52	54	55	
Teacher 6	|	1	2	3	7	8	14	16	19	21	22	24	25	27	28	30	33	34	37	39	40	41	42	43	47	49	50	53	54	
Teacher 7	|	1	3	5	6	7	15	18	19	20	21	22	26	26	27	28	29	33	35	38	39	42	44	47	50	50	55	
Teacher 8	|	1	2	7	10	11	15	16	17	19	22	23	24	29	30	32	34	37	40	43	44	45	46	47	50	53	55	
Teacher 9	|	1	3	4	5	6	9	11	12	13	14	16	17	18	20	23	25	26	27	28	29	35	42	44	48	50	54	
Teacher 10	|	2	3	5	8	9	11	13	14	16	18	19	21	22	25	28	30	41	45	47	49	
Teacher 11	|	3	6	8	12	16	19	20	23	25	26	27	31	32	33	39	40	41	45	49	53	
Teacher 12	|	2	4	5	6	9	10	12	13	15	17	20	21	35	37	38	39	41	44	49	52	
Teacher 13	|	7	9	14	20	24	27	31	36	37	39	40	46	48	49	52	53	
Teacher 14	|	9	11	12	13	14	18	20	27	30	33	39	42	43	44	46	48	
Teacher 15	|	8	15	22	23	24	29	30	31	32	36	40	45	46	51	52	55	
----------------------------------------------------------


=================================================================

=================================================================


INPUT 2
----------
Number of classes in Grade 7: 				 4
Number of classes in Grade 8: 				 4
Number of classes in Grade 9: 				 4

Number of teachers teaching in Grades 7-9:	 22


Teacher Class-Subject Allocation Table:

Subjects ->				1	2	3	4	5	6	7	8	9	
Classes:
-----------------------------------------------------------
Grade 7 - Class 1	|	1	5	9	15	5	15	9	19	19	
Grade 7 - Class 2	|	1	5	9	15	5	15	9	19	19	
Grade 7 - Class 3	|	1	5	10	15	5	15	9	19	19	
Grade 7 - Class 4	|	2	6	10	16	6	16	10	19	19	
Grade 8 - Class 1	|	2	6	11	16	6	16	10	20	20	
Grade 8 - Class 2	|	2	6	11	16	6	16	10	20	20	
Grade 8 - Class 3	|	3	7	12	17	7	17	11	20	20	
Grade 8 - Class 4	|	3	7	12	17	7	17	11	20	20	
Grade 9 - Class 1	|	3	7	13	17	7	17	11	21	21	
Grade 9 - Class 2	|	4	8	13	18	8	18	12	21	22	
Grade 9 - Class 3	|	4	5	14	18	8	18	12	21	22	
Grade 9 - Class 4	|	4	8	14	18	8	18	12	21	22	
-----------------------------------------------------------

=================================================================

Solving INPUT 2 using the GeneticAlgorithm:

	Initialising Population (5 individuals):

	Time taken to initialise population: 0.033989906311035156 seconds
	Finding optimal solution...
		Generation:	1, 2, 3, 4, 5, 6, 7, 8, 9, 10, 11, 12, 13, 14, 15, 16, 17, 18, 19, 20, 21, 22, 23, 24, 25, 26, 27, 28, 29, 30, 31, 32, 33, 34, 35, 36, 37, 38, 39, 40, 41, 42, 43, 44, 45, 46, 47, 48, 49, 50, 51, 52, 53, 54, 55, 56, 57, 58, 59, 60, 61, 62, 63, 64, 65, 66, 67, 68, 69, 70, 71, 72, 73, 74, 75, 76, 77, 78, 79, 80, 81, 82, 83, 84, 85, 86, 87, 88, 89, 90, 91, 92, 93, 94, 95, 96, 97, 98, 99, 100, 101, 

	Time taken to solve: 7.900164842605591 seconds

Optimal solution found in Generation 1  with a fitness of  14340


SOLUTION:
Class-Lesson Timeslot Allocation Table:

Lessons ->				1	2	3	4	5	6	7	8	9	10	11	12	13	14	15	16	17	18	19	20	21	22	23	24	25	26	27	28	29	30	31	32	33	34	35	36	37	38	39	40	41	42	43	44	45	46	47	48	49	50	51	52	53	54	55	
Classes:
---------------------------------------------------------------------------------------------------------------------------------------------------------------------------------------------------------------------------------------------------
Grade 7 - Class 1	|	32	19	9	39	50	47	41	36	44	53	27	10	30	4	20	34	12	35	38	42	29	21	11	1	49	52	3	37	40	33	7	8	18	48	16	46	6	26	5	55	31	15	54	17	2	25	13	23	28	24	22	14	43	45	51	
Grade 7 - Class 2	|	27	48	16	12	4	18	34	6	23	15	10	44	7	25	8	45	47	1	26	42	40	14	5	41	22	43	35	29	3	13	46	24	2	38	36	9	31	32	19	17	51	11	49	30	50	28	37	20	21	33	52	39	53	54	55	
Grade 7 - Class 3	|	28	11	25	22	35	37	21	46	13	55	24	39	29	15	41	40	54	3	20	18	47	34	9	5	30	48	10	49	36	32	26	27	43	16	45	51	50	17	52	6	14	4	1	23	53	42	33	19	7	2	44	8	12	38	31	
Grade 7 - Class 4	|	30	18	47	5	19	37	21	24	53	14	45	6	26	3	44	51	17	20	11	12	1	13	31	32	7	8	22	42	49	2	50	36	27	54	38	55	48	33	39	29	23	10	41	46	43	52	28	34	25	4	16	35	15	9	40	
Grade 8 - Class 1	|	11	20	6	44	3	15	48	51	27	39	45	37	41	49	25	52	46	8	17	31	7	33	9	23	29	4	2	10	22	40	32	16	30	13	1	55	5	21	42	18	24	19	34	35	38	54	53	28	43	26	50	12	47	14	36	
Grade 8 - Class 2	|	43	41	7	35	29	8	46	9	50	40	47	24	27	4	19	34	53	10	38	20	13	39	5	37	55	1	25	12	18	6	28	31	26	52	36	2	14	32	22	42	11	21	15	44	49	3	16	45	54	17	30	23	51	48	33	
Grade 8 - Class 3	|	23	17	33	39	49	48	13	37	8	22	31	4	35	21	36	27	50	47	9	51	45	11	54	10	25	41	26	14	1	2	55	20	44	40	24	12	30	53	29	16	43	38	15	19	28	18	52	46	34	42	3	32	5	6	7	
Grade 8 - Class 4	|	14	45	4	40	20	41	26	54	5	24	36	33	23	17	48	15	25	49	8	19	37	30	55	32	21	29	39	31	47	46	7	34	52	28	6	43	51	1	2	12	11	3	50	42	13	10	16	35	22	53	27	38	18	9	44	
Grade 9 - Class 1	|	31	2	15	1	50	43	53	35	30	29	20	26	14	54	38	52	8	45	28	47	46	7	16	25	3	33	32	17	34	36	49	42	48	44	13	19	41	22	39	9	4	51	5	40	6	27	12	23	37	55	24	11	18	10	21	
Grade 9 - Class 2	|	18	19	46	4	52	51	29	49	31	41	32	16	28	23	5	50	21	17	9	26	14	45	6	27	37	8	24	48	12	39	53	13	47	35	11	10	1	25	2	34	3	42	30	22	40	33	38	7	20	15	54	43	55	44	36	
Grade 9 - Class 3	|	55	38	37	1	10	16	47	12	39	40	11	3	22	49	18	13	43	21	5	27	30	34	46	31	20	26	25	28	44	52	50	36	45	17	35	41	4	8	54	51	15	9	32	14	6	23	48	19	2	53	42	24	7	29	33	
Grade 9 - Class 4	|	43	13	44	22	5	42	7	33	21	32	23	19	29	37	48	40	9	30	54	10	47	28	12	15	4	11	50	34	25	26	41	24	20	53	3	14	18	39	55	6	49	8	17	38	36	2	46	31	51	35	52	27	16	45	1	
---------------------------------------------------------------------------------------------------------------------------------------------------------------------------------------------------------------------------------------------------


Solution Value (Fitness): 14340
----------------------------------------------------------


Master Timetable (Class-Timeslot Lesson Allocations):

Timeslots ->			1	2	3	4	5	6	7	8	9	10	11	12	13	14	15	16	17	18	19	20	21	22	23	24	25	26	27	28	29	30	31	32	33	34	35	36	37	38	39	40	41	42	43	44	45	46	47	48	49	50	51	52	53	54	55	
Classes:
---------------------------------------------------------------------------------------------------------------------------------------------------------------------------------------------------------------------------------------------------
Grade 7 - Class 1	|	24	45	27	14	39	37	31	32	3	12	23	17	47	52	42	35	44	33	2	15	22	51	48	50	46	38	11	49	21	13	41	1	30	16	18	8	28	19	4	29	7	20	53	9	54	36	6	34	25	5	55	26	10	43	40	
Grade 7 - Class 2	|	18	33	29	5	23	8	13	15	36	11	42	4	30	22	10	3	40	6	39	48	49	25	9	32	14	19	1	46	28	44	37	38	50	7	27	35	47	34	52	21	24	20	26	12	16	31	17	2	43	45	41	51	53	54	55	
Grade 7 - Class 3	|	43	50	18	42	24	40	49	52	23	27	2	53	9	41	14	34	38	20	48	19	7	4	44	11	3	31	32	1	13	25	55	30	47	22	5	29	6	54	12	16	15	46	33	51	35	8	21	26	28	37	36	39	45	17	10	
Grade 7 - Class 4	|	21	30	14	50	4	12	25	26	54	42	19	20	22	10	53	51	17	2	5	18	7	27	41	8	49	13	33	47	40	1	23	24	38	48	52	32	6	35	39	55	43	28	45	15	11	44	3	37	29	31	16	46	9	34	36	
Grade 8 - Class 1	|	35	27	5	26	37	3	21	18	23	28	1	52	34	54	6	32	19	40	42	2	38	29	24	41	15	50	9	48	25	33	20	31	22	43	44	55	12	45	10	30	13	39	49	4	11	17	53	7	14	51	8	16	47	46	36	
Grade 8 - Class 2	|	26	36	46	14	23	30	3	6	8	18	41	28	21	37	43	47	50	29	15	20	42	39	52	12	27	33	13	31	5	51	32	38	55	16	4	35	24	19	22	10	2	40	1	44	48	7	11	54	45	9	53	34	17	49	25	
Grade 8 - Class 3	|	29	30	51	12	53	54	55	9	19	24	22	36	7	28	43	40	2	46	44	32	14	10	1	35	25	27	16	45	39	37	11	52	3	49	13	15	8	42	4	34	26	50	41	33	21	48	18	6	5	17	20	47	38	23	31	
Grade 8 - Class 4	|	38	39	42	3	9	35	31	19	54	46	41	40	45	1	16	47	14	53	20	5	25	49	13	10	17	7	51	34	26	22	28	24	12	32	48	11	21	52	27	4	6	44	36	55	2	30	29	15	18	43	37	33	50	8	23	
Grade 9 - Class 1	|	4	2	25	41	43	45	22	17	40	54	52	47	35	13	3	23	28	53	36	11	55	38	48	51	24	12	46	19	10	9	1	27	26	29	8	30	49	15	39	44	37	32	6	34	18	21	20	33	31	5	42	16	7	14	50	
Grade 9 - Class 2	|	37	39	41	4	15	23	48	26	19	36	35	29	32	21	50	12	18	1	2	49	17	44	14	27	38	20	24	13	7	43	9	11	46	40	34	55	25	47	30	45	10	42	52	54	22	3	33	28	8	16	6	5	31	51	53	
Grade 9 - Class 3	|	4	49	12	37	19	45	53	38	42	5	11	8	16	44	41	6	34	15	48	25	18	13	46	52	27	26	20	28	54	21	24	43	55	22	35	32	3	2	9	10	36	51	17	29	33	23	7	47	14	31	40	30	50	39	1	
Grade 9 - Class 4	|	55	46	35	25	5	40	7	42	17	20	26	23	2	36	24	53	43	37	12	33	9	4	11	32	29	30	52	22	13	18	48	10	8	28	50	45	14	44	38	16	31	6	1	3	54	47	21	15	41	27	49	51	34	19	39	
---------------------------------------------------------------------------------------------------------------------------------------------------------------------------------------------------------------------------------------------------


Teacher-Timeslot Allocations:

Teacher 1	|	4	6	9	11	12	13	15	16	18	19	21	22	23	25	27	28	32	34	35	36	37	39	41	44	46	47	48	50	53	55	
Teacher 2	|	3	5	6	7	8	9	11	14	15	18	19	20	21	24	27	29	30	35	37	39	40	41	43	44	46	47	48	50	51	53	
Teacher 3	|	1	2	4	5	8	13	14	15	17	20	22	23	24	26	29	30	31	33	35	37	39	40	41	43	45	48	49	50	53	54	
Teacher 4	|	1	4	5	7	10	12	13	16	18	19	21	22	29	31	32	33	37	38	39	40	41	42	43	44	46	47	49	51	52	55	
Teacher 5	|	1	3	3	4	5	6	7	8	9	10	10	11	12	13	15	16	16	17	18	19	20	21	22	24	25	26	27	29	30	31	32	34	35	36	38	39	40	41	43	44	45	45	46	47	48	49	50	51	52	54	
Teacher 6	|	1	2	3	4	5	6	8	10	13	14	17	19	20	21	22	24	25	26	27	32	33	34	36	37	38	39	41	42	44	45	45	46	47	48	49	51	52	52	53	54	55	55	
Teacher 7	|	1	2	4	6	8	12	13	14	15	17	19	20	21	22	23	24	25	26	27	28	29	30	31	33	35	36	36	38	39	40	41	43	44	45	47	48	49	50	51	52	53	54	
Teacher 8	|	1	2	3	4	5	8	9	10	11	14	16	17	17	18	19	21	23	23	25	28	29	30	32	35	35	37	39	40	41	48	50	53	54	55	
Teacher 9	|	1	2	3	5	11	13	14	17	21	22	23	25	26	28	29	30	33	35	37	38	40	41	42	42	42	43	49	50	52	53	
Teacher 10	|	1	3	5	7	8	9	10	11	12	13	16	18	20	22	28	30	31	32	34	35	38	43	44	46	47	48	49	52	53	54	
Teacher 11	|	1	2	4	5	6	7	9	10	12	13	13	16	17	18	19	20	23	25	27	28	29	31	33	37	38	39	40	42	52	55	
Teacher 12	|	2	6	8	9	10	11	14	19	21	22	23	25	26	29	30	32	33	36	37	38	38	39	40	41	45	46	48	51	54	55	
Teacher 13	|	3	6	7	8	9	14	16	24	25	26	27	28	32	33	37	45	46	47	
Teacher 14	|	4	5	10	11	12	15	20	25	26	27	28	30	31	34	46	47	50	54	
Teacher 15	|	1	2	3	4	6	7	8	11	13	14	15	17	18	24	26	27	29	31	32	33	36	37	40	43	46	49	49	51	54	55	
Teacher 16	|	2	6	10	10	11	12	15	16	18	18	19	21	22	23	24	26	27	28	29	30	31	32	34	36	40	41	42	42	49	50	
Teacher 17	|	1	2	3	4	5	7	9	11	12	14	15	16	17	20	31	34	34	36	38	42	43	44	46	47	48	49	50	51	52	55	
Teacher 18	|	3	6	8	9	12	13	15	17	20	24	25	26	28	30	32	34	34	36	39	41	42	44	45	47	48	49	50	51	52	53	
Teacher 19	|	2	4	7	8	9	12	14	15	16	19	20	21	22	23	24	25	28	31	33	34	35	38	39	40	43	44	45	51	52	53	54	55	
Teacher 20	|	3	5	6	7	9	12	14	17	18	22	23	26	27	28	30	32	33	34	35	36	38	42	43	44	45	46	47	48	50	51	53	54	
Teacher 21	|	2	7	10	11	15	18	19	20	21	23	24	31	35	37	42	51	52	53	54	55	
Teacher 22	|	1	7	16	24	27	29	33	36	43	44	45	55	
----------------------------------------------------------


=================================================================

=================================================================


INPUT 3
----------
Number of classes in Grade 7: 				 3
Number of classes in Grade 8: 				 3
Number of classes in Grade 9: 				 6

Number of teachers teaching in Grades 7-9:	 16


Teacher Class-Subject Allocation Table:

Subjects ->				1	2	3	4	5	6	7	8	9	
Classes:
-----------------------------------------------------------
Grade 7 - Class 1	|	1	5	9	12	5	12	9	15	15	
Grade 7 - Class 2	|	1	5	9	12	5	12	9	15	15	
Grade 7 - Class 3	|	1	5	9	12	5	12	9	15	15	
Grade 8 - Class 1	|	2	6	9	12	6	12	9	15	15	
Grade 8 - Class 2	|	2	6	10	13	6	13	10	15	15	
Grade 8 - Class 3	|	2	6	10	13	6	13	10	15	15	
Grade 9 - Class 1	|	3	7	10	13	7	13	10	16	16	
Grade 9 - Class 2	|	3	7	10	13	7	13	10	16	16	
Grade 9 - Class 3	|	3	7	11	14	7	14	11	16	16	
Grade 9 - Class 4	|	4	8	11	14	8	14	11	16	16	
Grade 9 - Class 5	|	4	8	11	14	8	14	11	16	16	
Grade 9 - Class 6	|	4	8	11	14	8	14	11	16	16	
-----------------------------------------------------------

=================================================================

Solving INPUT 3 using the GeneticAlgorithm:

	Initialising Population (5 individuals):

	Time taken to initialise population: 0.044998884201049805 seconds
	Finding optimal solution...
		Generation:	1, 2, 3, 4, 5, 6, 7, 8, 9, 10, 11, 12, 13, 14, 15, 16, 17, 18, 19, 20, 21, 22, 23, 24, 25, 26, 27, 28, 29, 30, 31, 32, 33, 34, 35, 36, 37, 38, 39, 40, 41, 42, 43, 44, 45, 46, 47, 48, 49, 50, 51, 52, 53, 54, 55, 56, 57, 58, 59, 60, 61, 62, 63, 64, 65, 66, 67, 68, 69, 70, 71, 72, 73, 74, 75, 76, 77, 78, 79, 80, 81, 82, 83, 84, 85, 86, 87, 88, 89, 90, 91, 92, 93, 94, 95, 96, 97, 98, 99, 100, 101, 102, 103, 104, 105, 106, 107, 108, 109, 

	Time taken to solve: 8.112876892089844 seconds

Optimal solution found in Generation 9  with a fitness of  10015


SOLUTION:
Class-Lesson Timeslot Allocation Table:

Lessons ->				1	2	3	4	5	6	7	8	9	10	11	12	13	14	15	16	17	18	19	20	21	22	23	24	25	26	27	28	29	30	31	32	33	34	35	36	37	38	39	40	41	42	43	44	45	46	47	48	49	50	51	52	53	54	55	
Classes:
---------------------------------------------------------------------------------------------------------------------------------------------------------------------------------------------------------------------------------------------------
Grade 7 - Class 1	|	39	21	55	52	15	12	8	20	31	6	34	13	10	49	41	22	26	1	43	28	36	17	29	5	2	38	32	16	30	48	27	47	51	54	9	40	7	44	23	24	3	33	4	37	45	18	35	14	46	50	42	25	11	19	53	
Grade 7 - Class 2	|	28	18	13	9	1	49	32	24	47	35	7	6	3	2	11	55	43	46	5	45	52	51	4	12	21	53	10	33	36	38	25	37	17	34	15	39	42	48	29	41	19	20	40	50	26	27	14	23	8	44	31	22	16	54	30	
Grade 7 - Class 3	|	11	46	38	33	54	4	27	14	22	2	31	32	47	53	16	36	17	8	44	10	9	55	6	3	41	40	15	51	7	50	34	18	29	42	37	45	35	5	25	19	23	26	52	13	30	1	39	48	20	12	21	43	24	49	28	
Grade 8 - Class 1	|	54	43	8	16	22	52	12	34	47	29	41	21	46	7	50	17	10	32	19	5	3	15	4	33	48	49	2	18	53	20	55	13	6	42	44	28	40	31	1	14	30	36	23	39	11	45	24	26	9	27	51	38	25	37	35	
Grade 8 - Class 2	|	9	17	1	7	51	35	23	21	27	4	10	24	48	3	43	49	54	37	19	18	50	42	53	45	44	46	36	41	20	25	8	33	16	32	34	12	47	11	55	38	22	26	52	31	13	6	2	30	15	29	39	5	40	28	14	
Grade 8 - Class 3	|	26	45	38	28	18	41	39	13	40	55	22	30	29	46	8	16	52	5	43	12	7	51	49	17	54	34	31	42	3	44	1	21	19	25	15	9	53	33	27	14	20	2	47	11	4	35	37	6	48	10	32	24	23	50	36	
Grade 9 - Class 1	|	2	34	33	11	18	47	6	42	44	51	50	52	19	5	10	36	13	48	16	14	53	31	3	21	30	39	1	7	54	38	55	46	20	17	27	23	35	26	25	45	49	41	15	24	32	4	43	29	28	22	9	8	40	12	37	
Grade 9 - Class 2	|	53	54	25	30	4	38	10	16	46	14	37	21	50	1	18	34	31	6	15	11	22	9	8	52	47	7	55	43	44	32	48	42	17	20	49	41	24	28	39	12	35	51	36	26	19	29	40	13	2	3	5	45	23	33	27	
Grade 9 - Class 3	|	3	29	1	35	50	36	21	23	17	49	26	14	54	44	15	9	4	42	52	25	31	10	13	41	48	39	27	46	12	53	55	11	28	18	33	30	8	7	51	45	40	19	37	5	22	16	2	32	43	47	38	20	24	34	6	
Grade 9 - Class 4	|	43	5	13	3	31	47	22	52	51	19	2	28	45	10	54	21	9	40	8	38	30	29	55	12	37	36	42	20	46	24	34	32	27	14	15	6	7	35	4	39	16	25	48	41	23	33	17	1	11	26	44	18	53	50	49	
Grade 9 - Class 5	|	12	26	49	37	8	50	32	29	1	38	33	43	23	10	52	17	20	30	53	44	28	4	47	19	40	9	24	2	22	39	11	15	7	45	3	13	27	36	48	5	21	51	6	34	31	46	18	54	14	35	42	16	25	55	41	
Grade 9 - Class 6	|	40	25	34	2	27	28	24	46	16	23	12	53	37	47	5	38	54	55	9	35	20	3	50	11	6	32	1	49	21	52	36	26	13	18	29	41	22	4	42	39	44	33	8	14	43	45	19	10	30	15	51	48	31	7	17	
---------------------------------------------------------------------------------------------------------------------------------------------------------------------------------------------------------------------------------------------------


Solution Value (Fitness): 10015
----------------------------------------------------------


Master Timetable (Class-Timeslot Lesson Allocations):

Timeslots ->			1	2	3	4	5	6	7	8	9	10	11	12	13	14	15	16	17	18	19	20	21	22	23	24	25	26	27	28	29	30	31	32	33	34	35	36	37	38	39	40	41	42	43	44	45	46	47	48	49	50	51	52	53	54	55	
Classes:
---------------------------------------------------------------------------------------------------------------------------------------------------------------------------------------------------------------------------------------------------
Grade 7 - Class 1	|	18	25	41	43	24	10	37	7	35	13	53	6	12	48	5	28	22	46	54	8	2	16	39	40	52	17	31	20	23	29	9	27	42	11	47	21	44	26	1	36	15	51	19	38	45	49	32	30	14	50	33	4	55	34	3	
Grade 7 - Class 2	|	5	14	13	23	19	12	11	49	4	27	15	24	3	47	35	53	33	2	41	42	25	52	48	8	31	45	46	1	39	55	51	7	28	34	10	29	32	30	36	43	40	37	17	50	20	18	9	38	6	44	22	21	26	54	16	
Grade 7 - Class 3	|	46	10	24	6	38	23	29	18	21	20	1	50	44	8	27	15	17	32	40	49	51	9	41	53	39	42	7	55	33	45	11	12	4	31	37	16	35	3	47	26	25	34	52	19	36	2	13	48	54	30	28	43	14	5	22	
Grade 8 - Class 1	|	39	27	21	23	20	33	14	3	49	17	45	7	32	40	22	4	16	28	19	30	12	5	43	47	53	48	50	36	10	41	38	18	24	8	55	42	54	52	44	37	11	34	2	35	46	13	9	25	26	15	51	6	29	1	31	
Grade 8 - Class 2	|	3	47	14	10	52	46	4	31	1	11	38	36	45	55	49	33	2	20	19	29	8	41	7	12	30	42	9	54	50	48	44	34	32	35	6	27	18	40	51	53	28	22	15	25	24	26	37	13	16	21	5	43	23	17	39	
Grade 8 - Class 3	|	31	42	29	45	18	48	21	15	36	50	44	20	8	40	35	16	24	5	33	41	32	11	53	52	34	1	39	4	13	12	27	51	38	26	46	55	47	3	7	9	6	28	19	30	2	14	43	49	23	54	22	17	37	25	10	
Grade 9 - Class 1	|	27	1	23	46	14	7	28	52	51	15	4	54	17	20	43	19	34	5	13	33	24	50	36	44	39	38	35	49	48	25	22	45	3	2	37	16	55	30	26	53	42	8	47	9	40	32	6	18	41	11	10	12	21	29	31	
Grade 9 - Class 2	|	14	49	50	5	51	18	26	23	22	7	20	40	48	10	19	8	33	15	45	34	12	21	53	37	3	44	55	38	46	4	17	30	54	16	41	43	11	6	39	47	36	32	28	29	52	9	25	31	35	13	42	24	1	2	27	
Grade 9 - Class 3	|	3	47	1	17	44	55	38	37	16	22	32	29	23	12	15	46	9	34	42	52	7	45	8	53	20	11	27	33	2	36	21	48	35	54	4	6	43	51	26	41	24	18	49	14	40	28	50	25	10	5	39	19	30	13	31	
Grade 9 - Class 4	|	48	11	4	39	2	36	37	19	17	14	49	24	3	34	35	41	47	52	10	28	16	7	45	30	42	50	33	12	22	21	5	32	46	31	38	26	25	20	40	18	44	27	1	51	13	29	6	43	55	54	9	8	53	15	23	
Grade 9 - Class 5	|	9	28	35	22	40	43	33	5	26	14	31	1	36	49	32	52	16	47	24	17	41	29	13	27	53	2	37	21	8	18	45	7	11	44	50	38	4	10	30	25	55	51	12	20	34	46	23	39	3	6	42	15	19	48	54	
Grade 9 - Class 6	|	27	4	22	38	15	25	54	43	19	48	24	11	33	44	50	9	55	34	47	21	29	37	10	7	2	32	5	6	35	49	53	26	42	3	20	31	13	16	40	1	36	39	45	41	46	8	14	52	28	23	51	30	12	17	18	
---------------------------------------------------------------------------------------------------------------------------------------------------------------------------------------------------------------------------------------------------


Teacher-Timeslot Allocations:

Teacher 1	|	1	2	4	6	8	9	11	12	13	14	15	18	20	21	22	24	27	28	31	32	33	35	38	39	46	47	49	52	54	55	
Teacher 2	|	1	4	7	8	9	12	13	16	17	18	21	22	23	26	27	28	29	34	35	38	39	40	41	43	45	47	51	52	54	55	
Teacher 3	|	1	2	3	4	6	10	11	14	16	17	18	21	23	25	29	30	33	34	35	36	38	42	44	46	47	49	50	51	53	54	
Teacher 4	|	1	2	3	5	8	12	13	16	19	22	23	24	25	26	27	28	29	31	32	34	37	38	40	43	46	47	49	50	51	52	
Teacher 5	|	1	2	3	5	6	7	7	8	9	10	11	13	15	16	17	22	23	25	26	29	31	32	34	34	35	36	37	39	40	41	42	42	43	44	45	46	47	48	49	53	54	55	
Teacher 6	|	1	3	5	7	8	9	10	10	11	12	15	16	17	21	22	24	25	27	28	29	30	31	32	32	33	34	37	40	41	42	43	44	46	46	47	48	49	50	52	53	54	55	
Teacher 7	|	1	4	5	6	7	8	9	10	13	14	15	17	18	18	19	20	21	23	24	25	26	26	27	28	30	31	33	34	35	36	37	39	41	42	44	48	49	50	50	51	52	54	
Teacher 8	|	2	3	4	4	5	6	7	9	10	10	12	13	14	15	17	18	20	21	22	23	27	28	29	30	33	35	36	37	38	40	41	42	43	45	45	47	48	52	53	54	54	55	
Teacher 9	|	1	2	2	3	3	4	4	5	5	5	6	9	10	10	11	12	13	14	15	15	17	18	19	21	24	26	27	28	29	30	32	33	35	36	37	38	39	39	40	41	43	44	45	45	45	48	49	50	51	52	53	55	
Teacher 10	|	1	2	3	4	4	6	7	7	8	9	11	11	12	13	14	15	16	17	18	19	19	21	22	24	26	29	30	31	31	31	32	34	35	36	37	39	40	42	43	43	44	45	46	47	49	50	51	52	53	53	54	55	
Teacher 11	|	1	2	3	4	5	6	8	9	9	10	11	12	13	14	16	17	18	19	19	20	22	23	24	25	27	28	29	30	31	31	32	33	34	35	36	37	38	39	40	41	41	42	43	44	45	46	47	48	50	52	53	55	
Teacher 12	|	3	4	6	7	13	14	16	17	18	18	19	19	20	20	23	23	24	25	26	27	29	30	30	33	33	34	36	36	37	38	40	41	47	48	50	51	51	52	53	55	
Teacher 13	|	1	2	3	7	8	12	14	15	16	17	19	20	20	20	21	22	25	26	32	33	35	36	38	38	41	41	42	42	43	44	44	45	46	47	48	49	51	52	54	55	
Teacher 14	|	2	5	6	7	8	11	11	12	13	15	16	19	20	21	21	22	24	25	26	27	28	32	33	34	36	37	39	39	39	40	44	45	46	46	48	49	51	52	53	55	
Teacher 15	|	5	6	8	9	10	11	12	14	14	15	16	19	20	21	22	23	23	24	24	25	25	26	27	28	28	29	30	30	31	32	35	36	37	38	39	40	42	43	44	46	48	48	49	50	50	51	53	54	
Teacher 16	|	1	2	3	5	6	7	8	9	10	11	12	13	14	15	16	17	18	20	22	23	24	25	26	27	28	29	30	31	32	33	34	35	37	38	40	41	42	43	44	45	47	48	49	50	51	53	54	55	
----------------------------------------------------------


=================================================================

=================================================================



Process finished with exit code 0
